0.56853187 -0.00709247 0.17968847 0.99971896 -0.00324446 -0.00058764 0.02347578
0.56852233 -0.00698876 0.17967603 0.99971980 -0.00239259 -0.00053900 0.02354505
0.56850272 -0.00682998 0.17962232 0.99971873 -0.00156289 -0.00044984 0.02366073
0.56848413 -0.00666014 0.17956468 0.99971664 -0.00080675 -0.00035167 0.02378808
0.56846488 -0.00634471 0.17948483 0.99971330 0.00071347 -0.00027871 0.02393398
0.56844866 -0.00602576 0.17942557 0.99970818 0.00224400 -0.00021642 0.02405363
0.56843042 -0.00570474 0.17936608 0.99970120 0.00364166 -0.00013834 0.02417454
0.56841004 -0.00531504 0.17929190 0.99969059 0.00524622 -0.00005382 0.02431406
0.56839108 -0.00483634 0.17922103 0.99967486 0.00725430 0.00001436 0.02444535
0.56837159 -0.00435326 0.17915589 0.99965668 0.00909185 0.00009954 0.02457385
0.56834972 -0.00385565 0.17908747 0.99963665 0.01076627 0.00020832 0.02471224
0.56832367 -0.00322796 0.17899866 0.99960679 0.01294023 0.00031710 0.02487229
0.56829846 -0.00257956 0.17892131 0.99957412 0.01501423 0.00043613 0.02502199
0.56827199 -0.00190932 0.17884073 0.99953973 0.01690030 0.00058371 0.02518534
0.56824082 -0.00117609 0.17874637 0.99950039 0.01883817 0.00075352 0.02536863
0.56820840 -0.00036454 0.17865048 0.99945366 0.02093899 0.00093210 0.02555596
0.56817400 0.00047219 0.17855345 0.99940664 0.02284688 0.00113934 0.02575294
0.56813788 0.00133898 0.17845064 0.99935985 0.02457166 0.00137836 0.02596689
0.56809628 0.00229758 0.17833200 0.99930519 0.02645820 0.00163871 0.02620172
0.56805378 0.00329409 0.17821404 0.99925065 0.02819776 0.00192636 0.02644577
0.56800866 0.00432805 0.17808926 0.99919766 0.02975881 0.00224775 0.02670899
0.56795406 0.00541597 0.17794907 0.99914497 0.03121150 0.00259972 0.02699115
0.56789112 0.00655316 0.17781480 0.99909091 0.03262842 0.00297827 0.02727433
0.56782502 0.00772970 0.17767672 0.99903953 0.03389108 0.00338423 0.02756845
0.56776327 0.00894694 0.17754729 0.99899042 0.03504932 0.00376719 0.02784983
0.56770521 0.01019501 0.17743051 0.99894559 0.03606891 0.00412005 0.02810104
0.56765038 0.01149339 0.17732126 0.99890351 0.03700328 0.00444686 0.02833379
0.56760013 0.01284159 0.17722037 0.99886370 0.03786457 0.00474817 0.02855141
0.56755507 0.01421555 0.17713259 0.99883038 0.03855318 0.00502604 0.02874660
0.56751144 0.01562131 0.17704995 0.99880558 0.03902525 0.00528675 0.02892213
0.56747007 0.01709101 0.17696922 0.99878234 0.03945631 0.00553340 0.02909352
0.56743211 0.01861715 0.17689395 0.99876058 0.03985465 0.00576031 0.02925459
0.56743455 0.02011227 0.17684460 0.99875873 0.03978730 0.00594562 0.02937129
0.56744576 0.02167233 0.17679414 0.99875945 0.03965455 0.00611740 0.02948973
0.56745952 0.02329944 0.17674729 0.99876022 0.03952694 0.00627345 0.02960267
0.56747925 0.02493930 0.17671633 0.99877131 0.03915823 0.00641578 0.02968768
0.56750077 0.02659114 0.17668559 0.99879730 0.03840625 0.00656277 0.02976508
0.56752402 0.02833002 0.17665096 0.99882072 0.03770256 0.00670016 0.02984716
0.56755048 0.03014216 0.17661989 0.99884200 0.03704798 0.00682235 0.02992661
0.56758350 0.03189470 0.17661308 0.99888760 0.03574711 0.00694686 0.02995666
0.56761479 0.03373611 0.17659022 0.99893177 0.03442419 0.00707531 0.03000695
0.56764966 0.03566743 0.17656860 0.99897075 0.03319728 0.00718904 0.03006133
0.56769097 0.03760780 0.17656659 0.99901712 0.03172660 0.00729400 0.03008423
0.56773436 0.03954871 0.17656426 0.99907553 0.02978408 0.00741142 0.03010184
0.56777781 0.04159655 0.17655362 0.99912602 0.02797675 0.00752229 0.03013192
0.56782496 0.04373325 0.17654668 0.99916983 0.02630353 0.00761622 0.03016426
0.56788003 0.04579638 0.17657062 0.99922979 0.02391326 0.00772095 0.03014169
0.56793243 0.04796147 0.17657542 0.99928242 0.02154827 0.00782985 0.03014866
0.56798828 0.05023003 0.17658055 0.99932611 0.01936054 0.00792211 0.03016138
0.56805187 0.05251727 0.17660813 0.99936938 0.01697397 0.00800711 0.03014482
0.56811672 0.05480297 0.17663838 0.99941361 0.01411915 0.00810730 0.03012203
0.56818193 0.05720966 0.17665963 0.99944711 0.01147008 0.00819701 0.03011476
0.56825054 0.05971687 0.17668344 0.99947166 0.00902164 0.00826770 0.03011128
0.56832910 0.06216295 0.17674409 0.99949580 0.00591487 0.00835222 0.03005882
0.56840450 0.06471707 0.17678618 0.99950922 0.00289035 0.00843459 0.03003065
0.56848204 0.06738152 0.17682776 0.99951357 0.00009298 0.00849909 0.03000878
0.56856650 0.07007878 0.17689073 0.99951053 -0.00282568 0.00855726 0.02996067
0.56865489 0.07279363 0.17696127 0.99949682 -0.00610662 0.00862420 0.02990810
0.56874198 0.07562917 0.17702220 0.99947441 -0.00914758 0.00867808 0.02986716
0.56883198 0.07856915 0.17708488 0.99944556 -0.01195890 0.00871193 0.02982929
0.56893086 0.08148218 0.17718163 0.99940282 -0.01524591 0.00875598 0.02974777
0.56902879 0.08450540 0.17726466 0.99935114 -0.01840526 0.00879246 0.02968702
0.56912780 0.08763855 0.17734542 0.99929464 -0.02132398 0.00881022 0.02962936
0.56923151 0.09082483 0.17744192 0.99922979 -0.02426696 0.00882071 0.02955137
0.56934083 0.09405481 0.17754847 0.99915123 -0.02739405 0.00883025 0.02946863
0.56944937 0.09739919 0.17764679 0.99906993 -0.03029001 0.00882536 0.02939139
0.56955975 0.10084616 0.17774431 0.99898773 -0.03296566 0.00880188 0.02931473
0.56967652 0.10431505 0.17786482 0.99889171 -0.03584892 0.00878096 0.02920820
0.56979388 0.10788896 0.17797774 0.99879324 -0.03857851 0.00874710 0.02910977
0.56991220 0.11156583 0.17808792 0.99869591 -0.04110015 0.00869733 0.02901142
0.57003391 0.11531826 0.17820494 0.99859655 -0.04353344 0.00863677 0.02890130
0.57015955 0.11914302 0.17832756 0.99849242 -0.04594725 0.00856692 0.02878167
0.57028621 0.12306897 0.17844655 0.99839151 -0.04817867 0.00848341 0.02866072
0.57041419 0.12708706 0.17856449 0.99829423 -0.05023975 0.00838548 0.02853630
0.57054430 0.13118453 0.17868586 0.99819899 -0.05219214 0.00827688 0.02839682
0.57067788 0.13537546 0.17880782 0.99810767 -0.05400336 0.00815409 0.02825212
0.57081378 0.13965634 0.17893040 0.99802113 -0.05567515 0.00801843 0.02810290
0.57095009 0.14403093 0.17904851 0.99794304 -0.05715567 0.00786805 0.02794892
0.57108831 0.14850400 0.17916507 0.99787539 -0.05842543 0.00770313 0.02778069
0.57123047 0.15305836 0.17928684 0.99781263 -0.05959517 0.00752479 0.02760013
0.57137436 0.15769027 0.17941108 0.99775416 -0.06067443 0.00733799 0.02741246
0.57151741 0.16245532 0.17951676 0.99771988 -0.06134373 0.00712442 0.02722555
0.57166469 0.16729520 0.17963287 0.99769211 -0.06191307 0.00689953 0.02701286
0.57181662 0.17220706 0.17975742 0.99766701 -0.06243790 0.00666565 0.02678888
0.57196927 0.17722556 0.17987180 0.99765831 -0.06269914 0.00640887 0.02656555
0.57212019 0.18235883 0.17997620 0.99767292 -0.06259888 0.00613517 0.02631861
0.57227939 0.18755257 0.18009996 0.99768811 -0.06249613 0.00584835 0.02604805
0.57244331 0.19280516 0.18023601 0.99770379 -0.06239402 0.00555271 0.02575874
0.57260287 0.19822420 0.18033572 0.99775821 -0.06166202 0.00521785 0.02547814
0.57276946 0.20370029 0.18045935 0.99781591 -0.06088609 0.00487357 0.02515134
0.57294476 0.20922507 0.18060561 0.99787068 -0.06015832 0.00451690 0.02479477
0.57312334 0.21485464 0.18074435 0.99794126 -0.05915260 0.00413030 0.02443646
0.57329899 0.22060506 0.18087199 0.99803829 -0.05768853 0.00372046 0.02403682
0.57348877 0.22638999 0.18103828 0.99812895 -0.05631507 0.00329191 0.02358840
0.57368881 0.23220910 0.18123463 0.99821341 -0.05503058 0.00284785 0.02309645
0.57388574 0.23819657 0.18139361 0.99833512 -0.05301571 0.00235099 0.02260202
0.57409489 0.24421650 0.18159510 0.99845403 -0.05100364 0.00183505 0.02202035
0.57432091 0.25025094 0.18184391 0.99856353 -0.04911971 0.00129217 0.02136645
0.57455724 0.25635824 0.18210539 0.99868053 -0.04700500 0.00070453 0.02067402
0.57479608 0.26256320 0.18237023 0.99881619 -0.04439527 0.00007111 0.01988415
0.57507992 0.26869085 0.18274048 0.99894124 -0.04196161 -0.00065064 0.01885003
0.57539999 0.27473614 0.18318397 0.99905670 -0.03967404 -0.00143814 0.01759786
