0.56691837 -0.00421796 0.17874894 0.99997330 0.00075412 -0.00261497 -0.00679112
0.56753242 -0.00429710 0.17872322 0.99997324 0.00074703 -0.00253159 -0.00683033
0.56872809 -0.00431274 0.17870775 0.99997306 0.00077271 -0.00251579 -0.00685749
0.57042968 -0.00430087 0.17876400 0.99997246 0.00085247 -0.00261712 -0.00689929
0.57254988 -0.00427257 0.17887461 0.99997139 0.00097787 -0.00280619 -0.00696343
0.57502514 -0.00422652 0.17903446 0.99996996 0.00113857 -0.00307333 -0.00703736
0.57768863 -0.00416646 0.17922775 0.99996817 0.00131917 -0.00339019 -0.00710418
0.58049500 -0.00409878 0.17942810 0.99996620 0.00151402 -0.00372428 -0.00717246
0.58330053 -0.00402228 0.17964262 0.99996430 0.00170249 -0.00407571 -0.00720721
0.58598834 -0.00394893 0.17983559 0.99996245 0.00188434 -0.00440121 -0.00722801
0.58851951 -0.00388096 0.18000503 0.99996078 0.00204563 -0.00469518 -0.00722513
0.59071630 -0.00382094 0.18014364 0.99995965 0.00217158 -0.00493878 -0.00718358
0.59256542 -0.00377563 0.18022828 0.99995911 0.00226152 -0.00510609 -0.00712438
0.59397000 -0.00373676 0.18027650 0.99995911 0.00230098 -0.00521219 -0.00702136
0.59485716 -0.00370782 0.18026508 0.99996006 0.00228357 -0.00522101 -0.00688907
0.59523880 -0.00368299 0.18020082 0.99996173 0.00220668 -0.00513971 -0.00672669
0.59503597 -0.00365363 0.18009073 0.99996436 0.00205922 -0.00496542 -0.00652288
0.59427357 -0.00361516 0.17992991 0.99996758 0.00184250 -0.00469005 -0.00628686
0.59295744 -0.00355888 0.17973466 0.99997139 0.00155139 -0.00432718 -0.00601009
0.59109843 -0.00347964 0.17950863 0.99997556 0.00118864 -0.00387597 -0.00569642
0.58874488 -0.00337179 0.17926073 0.99997985 0.00075662 -0.00334477 -0.00534437
0.58595496 -0.00323511 0.17900118 0.99998391 0.00026238 -0.00274611 -0.00495719
0.58276933 -0.00306726 0.17874239 0.99998748 -0.00029075 -0.00209403 -0.00453354
0.57928622 -0.00287161 0.17848264 0.99999034 -0.00090128 -0.00139964 -0.00408068
0.57559133 -0.00266308 0.17825790 0.99999213 -0.00150251 -0.00070202 -0.00361803
0.57173014 -0.00245235 0.17804158 0.99999285 -0.00209224 -0.00000823 -0.00316857
0.56785828 -0.00224953 0.17782338 0.99999255 -0.00263828 0.00065690 -0.00275131
0.56400526 -0.00206113 0.17762437 0.99999148 -0.00313878 0.00127071 -0.00236492
0.56029749 -0.00189841 0.17741111 0.99998981 -0.00360197 0.00187367 -0.00200960
0.55683631 -0.00177260 0.17720933 0.99998748 -0.00402832 0.00243592 -0.00168052
0.55364501 -0.00168598 0.17701446 0.99998486 -0.00441986 0.00296640 -0.00138239
0.55088145 -0.00164688 0.17681330 0.99998194 -0.00478190 0.00348109 -0.00111238
0.54854947 -0.00164925 0.17663214 0.99997878 -0.00511271 0.00395066 -0.00086953
0.54673094 -0.00168939 0.17644012 0.99997544 -0.00540990 0.00440818 -0.00064777
0.54548937 -0.00177684 0.17627642 0.99997270 -0.00562531 0.00477087 -0.00050401
0.54481399 -0.00189041 0.17616953 0.99997097 -0.00572532 0.00501138 -0.00046017
0.54476649 -0.00201681 0.17609572 0.99997008 -0.00575346 0.00514394 -0.00048822
0.54532385 -0.00213573 0.17607056 0.99997032 -0.00570041 0.00515354 -0.00057426
0.54647064 -0.00224311 0.17609480 0.99997151 -0.00556654 0.00504518 -0.00072219
0.54818761 -0.00232920 0.17617226 0.99997360 -0.00536132 0.00482124 -0.00091818
0.55042583 -0.00238816 0.17630155 0.99997634 -0.00509214 0.00449067 -0.00115135
0.55310941 -0.00241636 0.17647722 0.99997938 -0.00477338 0.00407141 -0.00140504
0.55619544 -0.00241648 0.17668869 0.99998248 -0.00440967 0.00358003 -0.00167909
0.55957437 -0.00238769 0.17693810 0.99998546 -0.00401992 0.00302577 -0.00194382
0.56315196 -0.00234140 0.17720230 0.99998808 -0.00361264 0.00244361 -0.00220499
0.56687492 -0.00228102 0.17747942 0.99999022 -0.00319666 0.00184000 -0.00245217
0.57056892 -0.00221603 0.17775907 0.99999177 -0.00279075 0.00124019 -0.00266642
0.57420057 -0.00215895 0.17801973 0.99999285 -0.00239706 0.00066960 -0.00286805
0.57763547 -0.00210798 0.17827280 0.99999344 -0.00203317 0.00012320 -0.00302143
0.58076513 -0.00207899 0.17848766 0.99999356 -0.00170797 -0.00035489 -0.00314790
0.58356810 -0.00206988 0.17866555 0.99999344 -0.00142813 -0.00076628 -0.00324182
0.58588767 -0.00208167 0.17880577 0.99999332 -0.00120622 -0.00110066 -0.00329214
0.58772445 -0.00211683 0.17888930 0.99999309 -0.00104296 -0.00133479 -0.00331791
0.58900869 -0.00216367 0.17893246 0.99999309 -0.00095302 -0.00148165 -0.00329451
0.58969045 -0.00222190 0.17892078 0.99999321 -0.00093657 -0.00151908 -0.00323911
0.58979708 -0.00228096 0.17886129 0.99999356 -0.00099581 -0.00145376 -0.00314727
0.58928579 -0.00233036 0.17876081 0.99999404 -0.00113767 -0.00128555 -0.00301212
0.58819056 -0.00236350 0.17861885 0.99999458 -0.00135899 -0.00101119 -0.00283847
0.58654571 -0.00237142 0.17844668 0.99999505 -0.00165725 -0.00064391 -0.00262461
0.58438534 -0.00234847 0.17825221 0.99999511 -0.00202990 -0.00019085 -0.00237031
0.58176249 -0.00228877 0.17804047 0.99999475 -0.00248307 0.00033784 -0.00207372
0.57877415 -0.00220206 0.17783639 0.99999368 -0.00295091 0.00091100 -0.00175906
0.57546473 -0.00209381 0.17764960 0.99999207 -0.00340086 0.00146157 -0.00145946
0.57194418 -0.00196795 0.17745879 0.99998999 -0.00381732 0.00199509 -0.00118604
0.56830442 -0.00183127 0.17727847 0.99998766 -0.00420058 0.00249320 -0.00093040
0.56459129 -0.00169007 0.17710368 0.99998498 -0.00455320 0.00296569 -0.00069302
0.56097198 -0.00156300 0.17692369 0.99998212 -0.00488287 0.00342536 -0.00047133
0.55747193 -0.00145587 0.17676148 0.99997914 -0.00518680 0.00384718 -0.00026522
0.55421507 -0.00138041 0.17658803 0.99997592 -0.00547320 0.00426883 -0.00007718
0.55129868 -0.00134453 0.17642714 0.99997270 -0.00573951 0.00466079 0.00009507
0.54873645 -0.00134741 0.17627558 0.99996942 -0.00598729 0.00503063 0.00024688
0.54667187 -0.00138964 0.17612135 0.99996608 -0.00622147 0.00539058 0.00038005
0.54510343 -0.00147283 0.17597881 0.99996293 -0.00642490 0.00571698 0.00050808
0.54408020 -0.00158610 0.17583387 0.99995971 -0.00661927 0.00603843 0.00059044
0.54365283 -0.00169694 0.17570442 0.99995667 -0.00679553 0.00632829 0.00065897
0.54380757 -0.00180463 0.17561525 0.99995494 -0.00688750 0.00650471 0.00067148
0.54457998 -0.00191965 0.17558466 0.99995512 -0.00683850 0.00654393 0.00058960
0.54593343 -0.00201291 0.17559437 0.99995637 -0.00672686 0.00646454 0.00046212
0.54782784 -0.00207841 0.17564979 0.99995899 -0.00653404 0.00626862 0.00028937
0.55022359 -0.00211298 0.17574859 0.99996251 -0.00627053 0.00596815 0.00008048
0.55306762 -0.00211573 0.17588980 0.99996680 -0.00594872 0.00557405 -0.00015241
0.55625165 -0.00208896 0.17606643 0.99997133 -0.00558245 0.00510711 -0.00039384
0.55973381 -0.00204008 0.17626546 0.99997586 -0.00518191 0.00458938 -0.00064640
0.56339067 -0.00196990 0.17649215 0.99998021 -0.00476640 0.00402719 -0.00087828
0.56711775 -0.00189456 0.17672290 0.99998403 -0.00434405 0.00345725 -0.00110197
0.57086658 -0.00181806 0.17695630 0.99998730 -0.00392520 0.00288528 -0.00130796
0.57445633 -0.00175010 0.17718586 0.99998999 -0.00353056 0.00233513 -0.00147743
0.57786000 -0.00170329 0.17739040 0.99999207 -0.00316238 0.00183100 -0.00163433
0.58095294 -0.00167344 0.17758362 0.99999356 -0.00284076 0.00136703 -0.00174339
0.58363622 -0.00167180 0.17773959 0.99999458 -0.00256884 0.00097972 -0.00182748
0.58590013 -0.00169496 0.17786004 0.99999529 -0.00235295 0.00066692 -0.00188338
0.58760935 -0.00174040 0.17794573 0.99999571 -0.00220817 0.00044078 -0.00189847
0.58877558 -0.00180504 0.17798148 0.99999589 -0.00213289 0.00031716 -0.00188852
0.58935350 -0.00187697 0.17798236 0.99999601 -0.00213736 0.00028390 -0.00183595
0.58931345 -0.00195028 0.17793840 0.99999601 -0.00222147 0.00035912 -0.00175058
0.58869153 -0.00201526 0.17785421 0.99999571 -0.00238603 0.00053781 -0.00163023
0.58748007 -0.00206202 0.17773812 0.99999511 -0.00263131 0.00081402 -0.00147111
0.58571744 -0.00208219 0.17759205 0.99999416 -0.00295508 0.00118715 -0.00127390
0.58346331 -0.00206807 0.17742547 0.99999249 -0.00335258 0.00163859 -0.00103880
0.58077472 -0.00202933 0.17726469 0.99999040 -0.00376111 0.00212592 -0.00079568
