0.56636190 -0.00654041 0.17885253 0.99998379 -0.00427890 -0.00050938 0.00372579
0.56650776 -0.00659274 0.17884231 0.99998337 -0.00434673 -0.00041360 0.00376982
0.56679165 -0.00658715 0.17879443 0.99998271 -0.00442439 -0.00030303 0.00385782
0.56721824 -0.00656829 0.17875889 0.99998212 -0.00448507 -0.00022054 0.00394580
0.56777382 -0.00654651 0.17873915 0.99998170 -0.00452888 -0.00016814 0.00402456
0.56843573 -0.00652450 0.17873263 0.99998122 -0.00455749 -0.00014061 0.00409378
0.56919342 -0.00650173 0.17873517 0.99998099 -0.00457227 -0.00013286 0.00415378
0.57003897 -0.00647882 0.17874613 0.99998075 -0.00457561 -0.00014323 0.00420449
0.57096022 -0.00645604 0.17876431 0.99998057 -0.00457036 -0.00016856 0.00425008
0.57193083 -0.00643230 0.17878844 0.99998039 -0.00455737 -0.00020629 0.00429156
0.57294208 -0.00640810 0.17881384 0.99998033 -0.00453764 -0.00025129 0.00432898
0.57399058 -0.00638369 0.17884016 0.99998027 -0.00451320 -0.00030088 0.00436331
0.57506698 -0.00635889 0.17886829 0.99998027 -0.00448483 -0.00035626 0.00439617
0.57614017 -0.00633273 0.17889607 0.99998021 -0.00445509 -0.00041366 0.00443159
0.57720345 -0.00630794 0.17891946 0.99998015 -0.00442749 -0.00046581 0.00446644
0.57825714 -0.00628416 0.17893845 0.99998015 -0.00439954 -0.00051385 0.00450035
0.57929581 -0.00626025 0.17895527 0.99998003 -0.00437200 -0.00055993 0.00453656
0.58028567 -0.00623622 0.17896852 0.99997991 -0.00435007 -0.00059938 0.00457828
0.58122420 -0.00621221 0.17897405 0.99997979 -0.00433272 -0.00062734 0.00462419
0.58211386 -0.00618993 0.17897218 0.99997956 -0.00432074 -0.00064492 0.00467077
0.58295143 -0.00616834 0.17896467 0.99997938 -0.00431442 -0.00065285 0.00472242
0.58370507 -0.00614661 0.17895204 0.99997908 -0.00431830 -0.00064892 0.00478154
0.58437419 -0.00612593 0.17893100 0.99997866 -0.00433075 -0.00063014 0.00484545
0.58496493 -0.00610645 0.17890139 0.99997836 -0.00435090 -0.00059718 0.00491148
0.58547646 -0.00608703 0.17886578 0.99997783 -0.00438172 -0.00055075 0.00498415
0.58588052 -0.00606697 0.17882407 0.99997723 -0.00442487 -0.00048840 0.00506711
0.58617902 -0.00604754 0.17877415 0.99997663 -0.00447994 -0.00040936 0.00515320
0.58638024 -0.00602854 0.17871709 0.99997592 -0.00454378 -0.00031555 0.00524342
0.58648610 -0.00600870 0.17865527 0.99997509 -0.00462055 -0.00020814 0.00534188
0.58647436 -0.00598750 0.17858860 0.99997413 -0.00471109 -0.00008464 0.00544908
0.58634871 -0.00596493 0.17851472 0.99997294 -0.00481313 0.00005609 0.00556225
0.58611709 -0.00594286 0.17843418 0.99997175 -0.00492656 0.00021356 0.00567876
0.58578479 -0.00591931 0.17835051 0.99997032 -0.00505358 0.00038463 0.00580338
0.58533740 -0.00589432 0.17826343 0.99996883 -0.00519514 0.00057071 0.00593485
0.58478063 -0.00586711 0.17817211 0.99996698 -0.00534755 0.00077140 0.00607248
0.58412236 -0.00583913 0.17807737 0.99996507 -0.00551236 0.00098664 0.00621570
0.58336890 -0.00580907 0.17798066 0.99996281 -0.00568807 0.00121361 0.00636486
0.58251584 -0.00577693 0.17788297 0.99996048 -0.00587565 0.00145227 0.00651998
0.58156854 -0.00574296 0.17778312 0.99995780 -0.00607449 0.00170392 0.00668101
0.58053464 -0.00570711 0.17768213 0.99995494 -0.00628322 0.00196648 0.00684713
0.57942045 -0.00566998 0.17758070 0.99995178 -0.00650168 0.00223881 0.00701779
0.57823199 -0.00563143 0.17747980 0.99994832 -0.00672913 0.00252003 0.00719321
0.57697409 -0.00559240 0.17737898 0.99994469 -0.00696295 0.00280827 0.00737019
0.57565266 -0.00555231 0.17727928 0.99994069 -0.00720602 0.00310427 0.00755139
0.57427520 -0.00551161 0.17718044 0.99993646 -0.00745505 0.00340718 0.00773648
0.57285583 -0.00547050 0.17708237 0.99993211 -0.00770718 0.00371403 0.00792228
0.57140005 -0.00542957 0.17698708 0.99992734 -0.00796324 0.00402290 0.00811037
0.56991124 -0.00538814 0.17689474 0.99992239 -0.00822300 0.00433356 0.00830020
0.56839520 -0.00534805 0.17680366 0.99991721 -0.00848490 0.00464720 0.00849026
0.56687498 -0.00530680 0.17671260 0.99991179 -0.00875312 0.00495881 0.00868154
0.56535941 -0.00526499 0.17662925 0.99990642 -0.00900006 0.00524879 0.00887600
0.56384450 -0.00525181 0.17655367 0.99990129 -0.00922024 0.00552636 0.00905277
0.56233132 -0.00525006 0.17647836 0.99989605 -0.00944203 0.00580698 0.00921779
0.56085056 -0.00525038 0.17640260 0.99989080 -0.00966269 0.00608677 0.00937803
0.55940521 -0.00525068 0.17632869 0.99988550 -0.00988179 0.00636238 0.00953489
0.55799413 -0.00524917 0.17625779 0.99988008 -0.01009661 0.00663233 0.00969137
0.55662030 -0.00524773 0.17618744 0.99987471 -0.01030934 0.00689870 0.00984364
0.55531508 -0.00524614 0.17611724 0.99986929 -0.01051384 0.00715751 0.00998791
0.55408055 -0.00524378 0.17605257 0.99986404 -0.01070881 0.00740236 0.01012749
0.55291200 -0.00524059 0.17599407 0.99985904 -0.01088989 0.00762874 0.01025847
0.55181170 -0.00523902 0.17594129 0.99985439 -0.01105618 0.00783712 0.01037741
0.55080825 -0.00523869 0.17588927 0.99984992 -0.01121360 0.00803572 0.01048610
0.54990250 -0.00523848 0.17584410 0.99984574 -0.01135707 0.00821549 0.01058618
0.54908627 -0.00523828 0.17580384 0.99984187 -0.01148993 0.00838149 0.01067840
0.54836059 -0.00523828 0.17576782 0.99983835 -0.01161188 0.00853217 0.01076301
0.54775262 -0.00523952 0.17573550 0.99983519 -0.01171565 0.00866419 0.01083374
0.54726118 -0.00524075 0.17571191 0.99983269 -0.01180005 0.00876921 0.01089176
0.54687649 -0.00524419 0.17569667 0.99983072 -0.01186675 0.00885123 0.01093544
0.54659712 -0.00524846 0.17568788 0.99982923 -0.01191598 0.00890917 0.01096547
0.54644483 -0.00525486 0.17568536 0.99982840 -0.01194429 0.00894266 0.01098036
0.54641628 -0.00526097 0.17569172 0.99982828 -0.01195103 0.00894791 0.01098128
0.54650128 -0.00526854 0.17570633 0.99982876 -0.01193899 0.00892788 0.01096926
0.54669708 -0.00528291 0.17573342 0.99983001 -0.01189053 0.00888741 0.01093689
0.54701388 -0.00529798 0.17575863 0.99983138 -0.01185191 0.00883752 0.01090135
0.54744804 -0.00530844 0.17578663 0.99983299 -0.01179880 0.00876826 0.01085796
0.54799122 -0.00531735 0.17582078 0.99983513 -0.01173186 0.00867981 0.01080704
0.54863858 -0.00532351 0.17586018 0.99983764 -0.01164973 0.00857270 0.01074851
0.54939318 -0.00532991 0.17590441 0.99984050 -0.01155436 0.00844848 0.01067943
0.55025035 -0.00533409 0.17595431 0.99984384 -0.01144493 0.00830656 0.01060260
0.55120087 -0.00533735 0.17600887 0.99984741 -0.01132369 0.00814915 0.01051865
0.55223924 -0.00533872 0.17606845 0.99985123 -0.01119310 0.00797683 0.01042948
0.55335951 -0.00533881 0.17613158 0.99985528 -0.01105124 0.00779122 0.01033348
0.55455542 -0.00533778 0.17619802 0.99985945 -0.01090145 0.00759465 0.01023307
0.55582184 -0.00533458 0.17626801 0.99986374 -0.01074374 0.00738782 0.01013016
0.55715066 -0.00533086 0.17634065 0.99986809 -0.01057959 0.00717169 0.01002331
0.55852783 -0.00532554 0.17641579 0.99987251 -0.01041025 0.00694948 0.00991743
0.55994755 -0.00531927 0.17649134 0.99987692 -0.01023811 0.00672299 0.00980981
0.56140584 -0.00531264 0.17656645 0.99988121 -0.01006287 0.00649458 0.00970160
0.56289548 -0.00530536 0.17664185 0.99988556 -0.00988555 0.00626338 0.00959378
0.56439513 -0.00529761 0.17671795 0.99988973 -0.00970918 0.00603199 0.00949008
0.56589913 -0.00528975 0.17679083 0.99989367 -0.00953341 0.00580466 0.00938861
0.56740695 -0.00528307 0.17686105 0.99989748 -0.00936013 0.00558120 0.00928815
0.56891257 -0.00527595 0.17692918 0.99990118 -0.00918835 0.00536162 0.00919301
0.57038760 -0.00527027 0.17699540 0.99990463 -0.00902379 0.00514895 0.00910359
0.57182890 -0.00526549 0.17705522 0.99990779 -0.00886631 0.00494736 0.00901841
0.57323921 -0.00526182 0.17711034 0.99991083 -0.00871277 0.00475550 0.00893810
0.57461363 -0.00525918 0.17716178 0.99991357 -0.00856668 0.00457203 0.00886318
0.57592112 -0.00525795 0.17720938 0.99991614 -0.00843096 0.00440091 0.00879709
0.57715988 -0.00525871 0.17724928 0.99991834 -0.00830561 0.00424582 0.00873622
0.57833517 -0.00526133 0.17728212 0.99992037 -0.00818878 0.00410575 0.00868123
