0.56688839 -0.00707745 0.17888929 0.99997014 -0.00567412 -0.00033206 0.00524511
0.56687570 -0.00711436 0.17888564 0.99996924 -0.00576860 -0.00022840 0.00531932
0.56684899 -0.00708623 0.17882755 0.99996781 -0.00589472 -0.00007570 0.00545321
0.56682509 -0.00703065 0.17876481 0.99996620 -0.00602651 0.00008363 0.00560006
0.56679881 -0.00695869 0.17869972 0.99996448 -0.00616068 0.00024992 0.00574628
0.56677252 -0.00686619 0.17863351 0.99996269 -0.00629979 0.00042129 0.00589459
0.56674469 -0.00674817 0.17856501 0.99996078 -0.00644571 0.00060326 0.00604475
0.56671816 -0.00660028 0.17849532 0.99995869 -0.00659728 0.00079232 0.00620014
0.56668842 -0.00642272 0.17842147 0.99995649 -0.00675935 0.00099528 0.00635793
0.56665725 -0.00620833 0.17834407 0.99995404 -0.00692964 0.00121003 0.00652065
0.56662476 -0.00595696 0.17826369 0.99995136 -0.00711107 0.00143886 0.00669126
0.56659001 -0.00566248 0.17817760 0.99994838 -0.00730276 0.00168306 0.00686642
0.56655520 -0.00532365 0.17808865 0.99994504 -0.00750661 0.00194186 0.00705457
0.56651837 -0.00493758 0.17799357 0.99994141 -0.00772488 0.00221878 0.00725117
0.56647903 -0.00450370 0.17789361 0.99993747 -0.00795698 0.00251347 0.00745594
0.56643838 -0.00402039 0.17778859 0.99993300 -0.00820410 0.00282508 0.00767206
0.56639576 -0.00348215 0.17767702 0.99992800 -0.00846750 0.00315756 0.00790065
0.56635147 -0.00289050 0.17756106 0.99992251 -0.00874829 0.00350809 0.00814373
0.56630546 -0.00224196 0.17743804 0.99991632 -0.00904787 0.00387996 0.00839917
0.56625265 -0.00153364 0.17730539 0.99990928 -0.00938225 0.00427252 0.00867278
0.56619447 -0.00076821 0.17717455 0.99990183 -0.00971144 0.00467926 0.00895515
0.56613243 0.00005069 0.17704031 0.99989367 -0.01006085 0.00510937 0.00924635
0.56607449 0.00092729 0.17691214 0.99988532 -0.01039654 0.00552183 0.00953000
0.56602025 0.00185897 0.17679387 0.99987745 -0.01070702 0.00590223 0.00978877
0.56596994 0.00285007 0.17668451 0.99986976 -0.01099336 0.00625271 0.01002784
0.56592309 0.00389843 0.17658338 0.99986261 -0.01125664 0.00657576 0.01024776
0.56587982 0.00500710 0.17649120 0.99985564 -0.01150221 0.00687355 0.01044982
0.56584030 0.00617790 0.17640579 0.99984920 -0.01172596 0.00714684 0.01063749
0.56580311 0.00740847 0.17632754 0.99984300 -0.01193559 0.00739914 0.01080894
0.56576830 0.00870232 0.17625475 0.99983728 -0.01212835 0.00763261 0.01096723
0.56573623 0.01005807 0.17618759 0.99983174 -0.01230693 0.00784725 0.01111413
0.56570649 0.01147873 0.17612581 0.99982661 -0.01247275 0.00804490 0.01124785
0.56571305 0.01295187 0.17607507 0.99982178 -0.01264769 0.00820416 0.01136597
0.56573021 0.01448018 0.17603631 0.99981737 -0.01281780 0.00833929 0.01146705
0.56575018 0.01607354 0.17600299 0.99981326 -0.01297748 0.00845867 0.01155838
0.56577396 0.01773151 0.17597455 0.99980938 -0.01312906 0.00856340 0.01164253
0.56579953 0.01945471 0.17595039 0.99980581 -0.01327270 0.00865531 0.01171569
0.56582719 0.02124372 0.17592892 0.99980247 -0.01341093 0.00873637 0.01178412
0.56585872 0.02309904 0.17591226 0.99979937 -0.01354182 0.00880432 0.01184338
0.56589204 0.02502145 0.17589891 0.99979657 -0.01366687 0.00886124 0.01189590
0.56592888 0.02701086 0.17588851 0.99979389 -0.01378739 0.00890893 0.01194526
0.56596828 0.02906695 0.17588188 0.99979150 -0.01390237 0.00894552 0.01198445
0.56601053 0.03119089 0.17587784 0.99978930 -0.01401377 0.00897390 0.01202223
0.56605428 0.03338016 0.17587639 0.99978721 -0.01412117 0.00899357 0.01205083
0.56610131 0.03563855 0.17587766 0.99978530 -0.01422602 0.00900519 0.01207582
0.56615072 0.03796331 0.17588145 0.99978364 -0.01432705 0.00900894 0.01209702
0.56620133 0.04035487 0.17588694 0.99978209 -0.01442635 0.00900549 0.01210928
0.56625557 0.04281536 0.17589499 0.99978065 -0.01452267 0.00899506 0.01212129
0.56631213 0.04534247 0.17590562 0.99977934 -0.01461637 0.00897723 0.01212572
0.56637305 0.04794120 0.17591892 0.99977827 -0.01470822 0.00895196 0.01212873
0.56643546 0.05060592 0.17593345 0.99977720 -0.01479894 0.00892168 0.01212813
0.56650037 0.05333976 0.17595015 0.99977624 -0.01488823 0.00888520 0.01212057
0.56656849 0.05614248 0.17596880 0.99977541 -0.01497549 0.00884253 0.01211278
0.56663841 0.05901221 0.17598940 0.99977463 -0.01506245 0.00879437 0.01209829
0.56671137 0.06195226 0.17601193 0.99977404 -0.01514965 0.00874108 0.01208227
0.56678593 0.06495802 0.17603546 0.99977350 -0.01523363 0.00868195 0.01205981
0.56686401 0.06803451 0.17606150 0.99977314 -0.01531762 0.00861764 0.01203459
0.56694448 0.07118000 0.17608917 0.99977279 -0.01540148 0.00854862 0.01200809
0.56702715 0.07439191 0.17611873 0.99977255 -0.01548404 0.00847316 0.01197276
0.56711185 0.07767269 0.17614941 0.99977237 -0.01556641 0.00839406 0.01193468
0.56719863 0.08102114 0.17618182 0.99977231 -0.01564878 0.00831056 0.01189369
0.56728864 0.08443908 0.17621674 0.99977231 -0.01572973 0.00822109 0.01184681
0.56738061 0.08792527 0.17625272 0.99977249 -0.01580960 0.00812668 0.01179599
0.56747544 0.09147994 0.17629103 0.99977261 -0.01589125 0.00802845 0.01174114
0.56757247 0.09510268 0.17633128 0.99977291 -0.01597059 0.00792491 0.01167995
0.56767213 0.09879439 0.17637366 0.99977314 -0.01605022 0.00781602 0.01161658
0.56777394 0.10255358 0.17641801 0.99977362 -0.01612842 0.00770265 0.01154513
0.56787819 0.10638140 0.17646441 0.99977410 -0.01620710 0.00758433 0.01147065
0.56798488 0.11027694 0.17651281 0.99977469 -0.01628476 0.00746161 0.01138881
0.56809449 0.11424377 0.17656401 0.99977535 -0.01636088 0.00733334 0.01130352
0.56820607 0.11827625 0.17661715 0.99977612 -0.01643562 0.00720024 0.01121112
0.56832039 0.12237824 0.17667343 0.99977708 -0.01651037 0.00706136 0.01111177
0.56843746 0.12654938 0.17673230 0.99977791 -0.01658362 0.00691777 0.01100940
0.56855673 0.13078666 0.17679414 0.99977905 -0.01665569 0.00676769 0.01089587
0.56867880 0.13509379 0.17685908 0.99978018 -0.01672733 0.00661296 0.01077775
0.56880301 0.13946734 0.17692716 0.99978143 -0.01679593 0.00645167 0.01065113
0.56893039 0.14390905 0.17699949 0.99978268 -0.01686483 0.00628513 0.01051614
0.56906039 0.14841965 0.17707530 0.99978423 -0.01692951 0.00611097 0.01037351
0.56919312 0.15299687 0.17715511 0.99978578 -0.01699287 0.00593096 0.01022001
0.56932873 0.15764168 0.17723949 0.99978745 -0.01705527 0.00574487 0.01005741
0.56946659 0.16235256 0.17732790 0.99978936 -0.01711249 0.00555080 0.00988336
0.56960791 0.16713028 0.17742187 0.99979132 -0.01716805 0.00534970 0.00969671
0.56975210 0.17197436 0.17752120 0.99979335 -0.01722139 0.00514096 0.00950043
0.56989962 0.17688416 0.17762676 0.99979562 -0.01726967 0.00492388 0.00928871
0.57005066 0.18186033 0.17773832 0.99979806 -0.01731491 0.00469780 0.00906266
0.57020479 0.18690066 0.17785671 0.99980050 -0.01735586 0.00446290 0.00882268
0.57036322 0.19200560 0.17798311 0.99980319 -0.01739365 0.00421786 0.00856351
0.57052529 0.19717491 0.17811748 0.99980599 -0.01742435 0.00396127 0.00828731
0.57069147 0.20240578 0.17826021 0.99980897 -0.01745087 0.00369507 0.00798896
0.57086265 0.20770074 0.17841324 0.99981213 -0.01747036 0.00341612 0.00766925
0.57103783 0.21305467 0.17857611 0.99981540 -0.01748341 0.00312537 0.00732574
0.57121879 0.21846950 0.17875098 0.99981892 -0.01748878 0.00281960 0.00695262
0.57140487 0.22394204 0.17893797 0.99982250 -0.01748514 0.00249875 0.00655025
0.57159698 0.22946993 0.17913900 0.99982631 -0.01747519 0.00216311 0.00611328
0.57179630 0.23505282 0.17935582 0.99983019 -0.01745313 0.00180680 0.00563590
0.57200259 0.24068536 0.17958926 0.99983424 -0.01742065 0.00143248 0.00511657
0.57221770 0.24636701 0.17984222 0.99983823 -0.01737636 0.00103527 0.00454579
0.57244152 0.25209406 0.18011603 0.99984223 -0.01731765 0.00061345 0.00392058
0.57267487 0.25786018 0.18041302 0.99984610 -0.01724601 0.00016510 0.00322837
0.57291943 0.26366082 0.18073621 0.99984974 -0.01715875 -0.00031447 0.00246005
