0.56609750 -0.00658207 0.17877343 0.99998140 -0.00597745 -0.00081635 -0.00095142
0.56608504 -0.00662376 0.17876902 0.99998093 -0.00607085 -0.00071394 -0.00088082
0.56606448 -0.00659946 0.17871246 0.99998045 -0.00619578 -0.00056517 -0.00074748
0.56605005 -0.00655458 0.17865144 0.99997979 -0.00632173 -0.00041229 -0.00060589
0.56604207 -0.00649545 0.17859030 0.99997908 -0.00644958 -0.00025719 -0.00046265
0.56604159 -0.00642053 0.17852902 0.99997830 -0.00657755 -0.00010097 -0.00031902
0.56604999 -0.00632885 0.17846686 0.99997747 -0.00670904 0.00006098 -0.00017574
0.56606847 -0.00621896 0.17840447 0.99997658 -0.00684273 0.00022596 -0.00003242
0.56609756 -0.00608953 0.17834081 0.99997562 -0.00698090 0.00039715 0.00010965
0.56613940 -0.00593548 0.17827648 0.99997449 -0.00712281 0.00057340 0.00025273
0.56619382 -0.00575664 0.17821115 0.99997324 -0.00726813 0.00075477 0.00039710
0.56626260 -0.00554923 0.17814225 0.99997193 -0.00742018 0.00094634 0.00054406
0.56634635 -0.00530834 0.17807056 0.99997044 -0.00757593 0.00114447 0.00069786
0.56644571 -0.00504159 0.17799751 0.99996883 -0.00773865 0.00135094 0.00084945
0.56656337 -0.00473959 0.17792161 0.99996704 -0.00790680 0.00156599 0.00100605
0.56669950 -0.00440239 0.17784330 0.99996507 -0.00808197 0.00178915 0.00116895
0.56685752 -0.00402640 0.17776206 0.99996293 -0.00826424 0.00202209 0.00133849
0.56703490 -0.00361705 0.17767908 0.99996060 -0.00845313 0.00226301 0.00150968
0.56723446 -0.00316990 0.17759216 0.99995804 -0.00865072 0.00251466 0.00168591
0.56745756 -0.00268272 0.17750168 0.99995518 -0.00885701 0.00277704 0.00186871
0.56770432 -0.00215409 0.17740715 0.99995208 -0.00907129 0.00304919 0.00205951
0.56797767 -0.00158451 0.17730896 0.99994874 -0.00929499 0.00333273 0.00225592
0.56827551 -0.00097709 0.17720684 0.99994504 -0.00952846 0.00362754 0.00245767
0.56860101 -0.00032759 0.17710021 0.99994099 -0.00977373 0.00393432 0.00266562
0.56895733 0.00036731 0.17698947 0.99993658 -0.01002794 0.00425166 0.00288318
0.56933665 0.00110849 0.17687109 0.99993157 -0.01030827 0.00458014 0.00311118
0.56974262 0.00189293 0.17675942 0.99992645 -0.01057988 0.00491452 0.00333625
0.57018131 0.00272068 0.17664671 0.99992085 -0.01086277 0.00526071 0.00357191
0.57065171 0.00358964 0.17652787 0.99991471 -0.01115888 0.00562209 0.00381224
0.57116300 0.00450239 0.17641541 0.99990869 -0.01143897 0.00596327 0.00404010
0.57171524 0.00545798 0.17631109 0.99990284 -0.01169759 0.00627869 0.00425315
0.57231194 0.00645682 0.17621361 0.99989730 -0.01193666 0.00656992 0.00444805
0.57295161 0.00750055 0.17612286 0.99989212 -0.01215655 0.00683796 0.00462928
0.57363653 0.00858762 0.17603719 0.99988699 -0.01236045 0.00708824 0.00479716
0.57436788 0.00971841 0.17595725 0.99988222 -0.01254821 0.00731856 0.00495059
0.57514489 0.01089292 0.17588197 0.99987775 -0.01272339 0.00753337 0.00509391
0.57597101 0.01211257 0.17580995 0.99987352 -0.01288468 0.00773257 0.00522323
0.57687604 0.01336653 0.17573868 0.99986947 -0.01304382 0.00790107 0.00534748
0.57783675 0.01465231 0.17567289 0.99986577 -0.01319373 0.00805110 0.00545001
0.57884961 0.01598164 0.17561112 0.99986225 -0.01333582 0.00818819 0.00554205
0.57991403 0.01735690 0.17555331 0.99985898 -0.01346916 0.00831264 0.00562700
0.58103448 0.01877808 0.17549859 0.99985588 -0.01359505 0.00842613 0.00570276
0.58220840 0.02024586 0.17544731 0.99985301 -0.01371312 0.00852817 0.00577264
0.58343828 0.02175952 0.17539769 0.99985027 -0.01382434 0.00862128 0.00583448
0.58472669 0.02332173 0.17535158 0.99984777 -0.01393050 0.00870389 0.00589146
0.58607024 0.02492943 0.17530778 0.99984539 -0.01403028 0.00877756 0.00594219
0.58747339 0.02658518 0.17526555 0.99984318 -0.01412624 0.00884443 0.00598763
0.58893317 0.02828799 0.17522550 0.99984115 -0.01421607 0.00890285 0.00602833
0.59045178 0.03003867 0.17518729 0.99983931 -0.01430213 0.00895512 0.00606487
0.59202945 0.03183787 0.17515074 0.99983752 -0.01438534 0.00900024 0.00609695
0.59366322 0.03368454 0.17511529 0.99983579 -0.01446420 0.00903958 0.00612641
0.59535605 0.03557906 0.17508183 0.99983430 -0.01453954 0.00907165 0.00614870
0.59710461 0.03752190 0.17504984 0.99983281 -0.01461273 0.00909847 0.00617056
0.59890908 0.03951313 0.17501935 0.99983156 -0.01468337 0.00911987 0.00618813
0.60076779 0.04155231 0.17498976 0.99983019 -0.01475191 0.00913662 0.00620166
0.60267788 0.04363902 0.17496192 0.99982917 -0.01481646 0.00914758 0.00621224
0.60463911 0.04577555 0.17493537 0.99982810 -0.01488113 0.00915444 0.00622036
0.60664743 0.04795919 0.17491001 0.99982709 -0.01494265 0.00915617 0.00622485
0.60870034 0.05019006 0.17488617 0.99982613 -0.01500332 0.00915343 0.00622476
0.61079592 0.05247165 0.17486434 0.99982536 -0.01506203 0.00914603 0.00622406
0.61292976 0.05480110 0.17484394 0.99982458 -0.01511943 0.00913387 0.00622145
0.61509627 0.05717851 0.17482573 0.99982399 -0.01517499 0.00911695 0.00621464
0.61729270 0.05960455 0.17480823 0.99982345 -0.01522875 0.00909650 0.00620660
0.61951232 0.06207785 0.17479366 0.99982291 -0.01528156 0.00907105 0.00619448
0.62174928 0.06460015 0.17478040 0.99982244 -0.01533419 0.00904220 0.00618017
0.62399966 0.06716914 0.17476867 0.99982208 -0.01538545 0.00900966 0.00616422
0.62625182 0.06978507 0.17475975 0.99982178 -0.01543546 0.00897217 0.00614344
0.62850416 0.07244958 0.17475197 0.99982148 -0.01548505 0.00893182 0.00612216
0.63074332 0.07515869 0.17474739 0.99982131 -0.01553428 0.00888669 0.00609573
0.63296193 0.07791606 0.17474453 0.99982107 -0.01558202 0.00883847 0.00606724
0.63515586 0.08072057 0.17474307 0.99982107 -0.01562786 0.00878686 0.00603659
0.63730454 0.08356874 0.17474511 0.99982107 -0.01567394 0.00873142 0.00600029
0.63940865 0.08646624 0.17474709 0.99982107 -0.01571900 0.00867492 0.00596401
0.64144945 0.08940681 0.17475347 0.99982107 -0.01576334 0.00861317 0.00592274
0.64341515 0.09239373 0.17476077 0.99982131 -0.01580691 0.00854939 0.00587762
0.64530313 0.09542708 0.17476904 0.99982131 -0.01585108 0.00848502 0.00583204
0.64708447 0.09850419 0.17478131 0.99982166 -0.01589221 0.00841612 0.00577959
0.64876163 0.10162945 0.17479195 0.99982178 -0.01593387 0.00834984 0.00572702
0.65031135 0.10479724 0.17480785 0.99982208 -0.01597589 0.00827724 0.00566880
0.65171754 0.10801138 0.17482330 0.99982238 -0.01601696 0.00820708 0.00560690
0.65298063 0.11127339 0.17483982 0.99982262 -0.01605755 0.00813568 0.00554409
0.65406317 0.11457849 0.17485991 0.99982291 -0.01609915 0.00806206 0.00547395
0.65497065 0.11793447 0.17487603 0.99982315 -0.01614052 0.00799376 0.00540304
0.65567601 0.12133484 0.17489675 0.99982345 -0.01618409 0.00792146 0.00532732
0.65616173 0.12478615 0.17491613 0.99982369 -0.01622832 0.00785273 0.00524753
0.65643084 0.12828977 0.17493415 0.99982393 -0.01627523 0.00778663 0.00516755
0.65644068 0.13184083 0.17495517 0.99982399 -0.01632613 0.00772017 0.00507997
0.65620136 0.13545147 0.17497116 0.99982405 -0.01637936 0.00766081 0.00499333
0.65568399 0.13911223 0.17499140 0.99982405 -0.01643831 0.00759768 0.00490035
0.65487123 0.14283189 0.17500767 0.99982393 -0.01650244 0.00754201 0.00480261
0.65377015 0.14661413 0.17502080 0.99982357 -0.01657444 0.00749052 0.00470598
0.65233731 0.15045324 0.17503548 0.99982309 -0.01665545 0.00743949 0.00459805
0.65058672 0.15436368 0.17504290 0.99982232 -0.01674497 0.00739700 0.00449177
0.64849269 0.15833573 0.17505249 0.99982148 -0.01684803 0.00735241 0.00437633
0.64604008 0.16237934 0.17505571 0.99982029 -0.01696539 0.00731641 0.00425502
0.64324069 0.16649720 0.17505208 0.99981868 -0.01709926 0.00728553 0.00413061
0.64005619 0.17068358 0.17504613 0.99981683 -0.01725394 0.00725734 0.00399097
0.63650334 0.17495164 0.17502849 0.99981451 -0.01743120 0.00723922 0.00384890
0.63256490 0.17928897 0.17500615 0.99981159 -0.01763761 0.00722188 0.00368807
0.62823200 0.18370476 0.17497133 0.99980807 -0.01787615 0.00721431 0.00351307
