0.56637448 -0.00450869 0.17851287 0.99997276 0.00058126 -0.00186980 -0.00711970
0.56636506 -0.00454998 0.17850825 0.99997360 0.00048077 -0.00176203 -0.00703988
0.56634837 -0.00452007 0.17844771 0.99997491 0.00034821 -0.00160539 -0.00689534
0.56633765 -0.00447102 0.17838174 0.99997628 0.00021541 -0.00144434 -0.00674222
0.56634188 -0.00440583 0.17831635 0.99997747 0.00007999 -0.00128126 -0.00658793
0.56635904 -0.00432606 0.17825063 0.99997872 -0.00005436 -0.00111693 -0.00643621
0.56639200 -0.00423005 0.17818674 0.99997979 -0.00018913 -0.00095218 -0.00628426
0.56644422 -0.00411374 0.17812169 0.99998081 -0.00032753 -0.00078285 -0.00613526
0.56651592 -0.00397564 0.17805609 0.99998188 -0.00046706 -0.00060904 -0.00598623
0.56660807 -0.00381467 0.17799017 0.99998271 -0.00061029 -0.00043201 -0.00583794
0.56672567 -0.00362579 0.17792201 0.99998349 -0.00075787 -0.00024766 -0.00568857
0.56686938 -0.00340678 0.17785332 0.99998432 -0.00090730 -0.00005943 -0.00553716
0.56703860 -0.00315727 0.17778328 0.99998498 -0.00106204 0.00013536 -0.00538144
0.56723756 -0.00287505 0.17770994 0.99998558 -0.00122118 0.00033808 -0.00522630
0.56746727 -0.00255943 0.17763588 0.99998605 -0.00138533 0.00054675 -0.00506797
0.56772685 -0.00220787 0.17755875 0.99998653 -0.00155342 0.00076205 -0.00490578
0.56802028 -0.00182049 0.17747787 0.99998683 -0.00172955 0.00098807 -0.00474277
0.56834805 -0.00139503 0.17739645 0.99998701 -0.00191069 0.00121933 -0.00457520
0.56870991 -0.00093012 0.17731249 0.99998707 -0.00209808 0.00145847 -0.00440138
0.56910765 -0.00042471 0.17722186 0.99998707 -0.00229430 0.00171131 -0.00422451
0.56954336 0.00012241 0.17712858 0.99998677 -0.00249708 0.00197130 -0.00404313
0.57001430 0.00070930 0.17703159 0.99998641 -0.00270748 0.00224131 -0.00385560
0.57052726 0.00134060 0.17693080 0.99998581 -0.00292808 0.00252157 -0.00366335
0.57108092 0.00201716 0.17682593 0.99998510 -0.00315708 0.00281167 -0.00346234
0.57167178 0.00273392 0.17671673 0.99998415 -0.00339627 0.00311208 -0.00325813
0.57230628 0.00349631 0.17660175 0.99998289 -0.00364584 0.00342590 -0.00304760
0.57298297 0.00430453 0.17648253 0.99998134 -0.00390768 0.00375062 -0.00282785
0.57368582 0.00516580 0.17635936 0.99997950 -0.00419509 0.00408441 -0.00260001
0.57443362 0.00607056 0.17624201 0.99997741 -0.00447524 0.00442618 -0.00237267
0.57522655 0.00702412 0.17612122 0.99997497 -0.00476837 0.00478154 -0.00213245
0.57606226 0.00802130 0.17599784 0.99997216 -0.00506657 0.00514251 -0.00188998
0.57695121 0.00906487 0.17588173 0.99996930 -0.00534517 0.00547868 -0.00166503
0.57789177 0.01015454 0.17577395 0.99996656 -0.00560278 0.00578886 -0.00145523
0.57888114 0.01128769 0.17567301 0.99996376 -0.00583726 0.00607461 -0.00126180
0.57992339 0.01246580 0.17557822 0.99996102 -0.00605714 0.00634027 -0.00108609
0.58104610 0.01368228 0.17548063 0.99995840 -0.00626206 0.00657409 -0.00092156
0.58222282 0.01493168 0.17538981 0.99995589 -0.00645566 0.00678599 -0.00077741
0.58345318 0.01622558 0.17530550 0.99995339 -0.00663996 0.00698030 -0.00064784
0.58473480 0.01756659 0.17522636 0.99995106 -0.00681120 0.00715679 -0.00052910
0.58606571 0.01895389 0.17515251 0.99994886 -0.00697160 0.00731784 -0.00041878
0.58744884 0.02038819 0.17508236 0.99994677 -0.00712347 0.00746495 -0.00032181
0.58888304 0.02187103 0.17501724 0.99994481 -0.00726616 0.00759763 -0.00023173
0.59036553 0.02340057 0.17495617 0.99994284 -0.00739962 0.00771719 -0.00014937
0.59189880 0.02497904 0.17489830 0.99994105 -0.00752634 0.00782603 -0.00007612
0.59348053 0.02660646 0.17484359 0.99993938 -0.00764602 0.00792354 -0.00000892
0.59510827 0.02828198 0.17479196 0.99993783 -0.00776011 0.00801128 0.00005377
0.59678322 0.03000570 0.17474338 0.99993634 -0.00786811 0.00808912 0.00010689
0.59850323 0.03177971 0.17469771 0.99993503 -0.00797051 0.00815743 0.00015563
0.60026586 0.03360169 0.17465456 0.99993372 -0.00806779 0.00821745 0.00020027
0.60207021 0.03547360 0.17461383 0.99993247 -0.00816035 0.00826925 0.00023756
0.60391444 0.03739534 0.17457581 0.99993140 -0.00824875 0.00831324 0.00027166
0.60579497 0.03936454 0.17453977 0.99993038 -0.00833511 0.00835055 0.00030156
0.60771000 0.04138419 0.17450640 0.99992943 -0.00841689 0.00838047 0.00032567
0.60965657 0.04345335 0.17447469 0.99992859 -0.00849700 0.00840443 0.00034646
0.61163211 0.04557115 0.17444485 0.99992776 -0.00857276 0.00842267 0.00036435
0.61363131 0.04773793 0.17441767 0.99992704 -0.00864607 0.00843400 0.00037529
0.61565268 0.04995580 0.17439242 0.99992633 -0.00871837 0.00844043 0.00038522
0.61769229 0.05222176 0.17436877 0.99992567 -0.00878739 0.00844163 0.00039210
0.61974245 0.05453794 0.17434773 0.99992514 -0.00885397 0.00843692 0.00039443
0.62180144 0.05690422 0.17432815 0.99992466 -0.00891870 0.00842804 0.00039383
0.62386566 0.05931918 0.17430991 0.99992418 -0.00898159 0.00841433 0.00039095
0.62592429 0.06178287 0.17429571 0.99992383 -0.00904298 0.00839448 0.00038266
0.62797511 0.06429821 0.17428222 0.99992347 -0.00910145 0.00837141 0.00037352
0.63001484 0.06686086 0.17427000 0.99992323 -0.00915867 0.00834459 0.00036066
0.63202822 0.06947185 0.17426178 0.99992299 -0.00921661 0.00831258 0.00034414
0.63401395 0.07213382 0.17425364 0.99992275 -0.00927132 0.00827777 0.00032508
0.63596946 0.07484327 0.17424725 0.99992251 -0.00932628 0.00823992 0.00030386
0.63787484 0.07760062 0.17424497 0.99992239 -0.00937945 0.00819641 0.00027750
0.63972938 0.08040782 0.17424268 0.99992228 -0.00943238 0.00815171 0.00024871
0.64153075 0.08326294 0.17424141 0.99992222 -0.00948310 0.00810450 0.00021773
0.64325482 0.08616580 0.17424500 0.99992216 -0.00953251 0.00805181 0.00018110
0.64490205 0.08911975 0.17424805 0.99992216 -0.00958157 0.00799906 0.00014331
0.64647090 0.09212252 0.17425242 0.99992204 -0.00963014 0.00794405 0.00010517
0.64793169 0.09517168 0.17426133 0.99992216 -0.00967693 0.00788367 0.00005937
0.64928615 0.09827280 0.17426795 0.99992216 -0.00972390 0.00782579 0.00001311
0.65053362 0.10142224 0.17427629 0.99992210 -0.00977063 0.00776571 -0.00003541
0.65164107 0.10461847 0.17429027 0.99992216 -0.00981700 0.00770074 -0.00009064
0.65261167 0.10786816 0.17430218 0.99992216 -0.00986278 0.00763792 -0.00014689
0.65344524 0.11116824 0.17431468 0.99992222 -0.00990844 0.00757402 -0.00020340
0.65410483 0.11451507 0.17433205 0.99992228 -0.00995600 0.00750709 -0.00026807
0.65459526 0.11791747 0.17434709 0.99992228 -0.01000375 0.00744319 -0.00033261
0.65491831 0.12137266 0.17436209 0.99992222 -0.01005280 0.00737816 -0.00039848
0.65503365 0.12487620 0.17438182 0.99992210 -0.01010400 0.00731129 -0.00047221
0.65494817 0.12843835 0.17439824 0.99992204 -0.01015705 0.00724870 -0.00054614
0.65466487 0.13205621 0.17441368 0.99992180 -0.01021385 0.00718719 -0.00062013
0.65414327 0.13572554 0.17443408 0.99992168 -0.01027322 0.00712180 -0.00070391
0.65339088 0.13945648 0.17445013 0.99992132 -0.01033801 0.00706309 -0.00078731
0.65241253 0.14324635 0.17446406 0.99992096 -0.01040745 0.00700569 -0.00087201
0.65116817 0.14709024 0.17448243 0.99992049 -0.01048261 0.00694513 -0.00096825
0.64966726 0.15100077 0.17449573 0.99991983 -0.01056617 0.00689083 -0.00106381
0.64791656 0.15497461 0.17450595 0.99991918 -0.01065779 0.00683886 -0.00115979
0.64587826 0.15900606 0.17451862 0.99991834 -0.01075965 0.00678480 -0.00126917
0.64356309 0.16310702 0.17452486 0.99991733 -0.01087326 0.00673681 -0.00138073
0.64098054 0.16727553 0.17452650 0.99991608 -0.01099837 0.00669152 -0.00149340
0.63809764 0.17150399 0.17452894 0.99991453 -0.01114082 0.00664455 -0.00162264
0.63492638 0.17580253 0.17452295 0.99991280 -0.01129902 0.00660390 -0.00175714
0.63147759 0.18016750 0.17451020 0.99991083 -0.01147652 0.00656599 -0.00189772
0.62772650 0.18459104 0.17449422 0.99990845 -0.01167810 0.00652772 -0.00205993
0.62368643 0.18908156 0.17446762 0.99990559 -0.01190478 0.00649542 -0.00223348
