0.56668675 -0.00681674 0.17900115 0.99996823 -0.00431091 -0.00076956 0.00665922
0.56667280 -0.00685077 0.17899664 0.99996746 -0.00440931 -0.00066233 0.00673385
0.56664544 -0.00681369 0.17893727 0.99996603 -0.00454068 -0.00050330 0.00687091
0.56662035 -0.00675026 0.17887209 0.99996442 -0.00467241 -0.00033903 0.00702110
0.56659335 -0.00667671 0.17880596 0.99996281 -0.00480860 -0.00017107 0.00716907
0.56656682 -0.00657412 0.17873877 0.99996096 -0.00495291 0.00000679 0.00731930
0.56653857 -0.00644145 0.17866865 0.99995899 -0.00510436 0.00019491 0.00747446
0.56650966 -0.00628054 0.17859584 0.99995697 -0.00526047 0.00039238 0.00763371
0.56648099 -0.00608805 0.17852026 0.99995470 -0.00542426 0.00059986 0.00779771
0.56644708 -0.00585811 0.17843978 0.99995232 -0.00560302 0.00082600 0.00796281
0.56641233 -0.00558111 0.17835465 0.99994957 -0.00579310 0.00106770 0.00813875
0.56637764 -0.00526036 0.17826635 0.99994659 -0.00599295 0.00132269 0.00832489
0.56634158 -0.00489643 0.17817256 0.99994326 -0.00620401 0.00159299 0.00851933
0.56630135 -0.00448030 0.17807226 0.99993956 -0.00643432 0.00188583 0.00872077
0.56625974 -0.00400832 0.17796725 0.99993533 -0.00668108 0.00219911 0.00893694
0.56621701 -0.00348163 0.17785615 0.99993074 -0.00694096 0.00252938 0.00916584
0.56617373 -0.00290291 0.17774063 0.99992561 -0.00721830 0.00287837 0.00940888
0.56612545 -0.00226549 0.17761721 0.99991977 -0.00751871 0.00325280 0.00966055
0.56607175 -0.00155867 0.17748247 0.99991310 -0.00785869 0.00365037 0.00993711
0.56601351 -0.00079030 0.17735013 0.99990600 -0.00818753 0.00406009 0.01022312
0.56595218 0.00002850 0.17721471 0.99989814 -0.00853795 0.00449437 0.01052098
0.56589019 0.00090936 0.17708112 0.99988997 -0.00888771 0.00492460 0.01080981
0.56583244 0.00185480 0.17695698 0.99988210 -0.00920933 0.00532156 0.01107661
0.56578052 0.00286233 0.17684281 0.99987447 -0.00950724 0.00568849 0.01132927
0.56573194 0.00392623 0.17673744 0.99986720 -0.00978255 0.00602686 0.01156037
0.56568587 0.00505464 0.17664123 0.99986035 -0.01003724 0.00633770 0.01176697
0.56564325 0.00625317 0.17655201 0.99985385 -0.01027173 0.00662547 0.01196020
0.56560493 0.00751750 0.17646964 0.99984759 -0.01048935 0.00688988 0.01214222
0.56556910 0.00884328 0.17639330 0.99984169 -0.01069123 0.00713432 0.01230952
0.56553471 0.01023861 0.17632321 0.99983615 -0.01087826 0.00735992 0.01245893
0.56553626 0.01169524 0.17626415 0.99983102 -0.01107097 0.00754625 0.01259116
0.56555063 0.01321342 0.17621776 0.99982613 -0.01125526 0.00770515 0.01271169
0.56556648 0.01479248 0.17617676 0.99982172 -0.01143074 0.00784820 0.01281935
0.56558579 0.01644290 0.17614183 0.99981761 -0.01159579 0.00797349 0.01291083
0.56560934 0.01816818 0.17611219 0.99981380 -0.01175284 0.00808376 0.01299681
0.56563514 0.01996163 0.17608565 0.99981016 -0.01190323 0.00818199 0.01307713
0.56566471 0.02182233 0.17606370 0.99980688 -0.01204562 0.00826627 0.01314931
0.56569666 0.02375442 0.17604648 0.99980378 -0.01218146 0.00833744 0.01320732
0.56573242 0.02576236 0.17603308 0.99980104 -0.01231343 0.00839651 0.01326065
0.56577241 0.02784261 0.17602332 0.99979842 -0.01243824 0.00844425 0.01331221
0.56581354 0.02998852 0.17601538 0.99979591 -0.01255941 0.00848335 0.01335604
0.56585854 0.03220861 0.17601243 0.99979383 -0.01267642 0.00851077 0.01338869
0.56590730 0.03450579 0.17601255 0.99979186 -0.01279038 0.00852877 0.01341766
0.56595999 0.03687694 0.17601515 0.99978989 -0.01290047 0.00853795 0.01344675
0.56601399 0.03931344 0.17601992 0.99978817 -0.01300722 0.00854009 0.01346875
0.56607109 0.04182379 0.17602833 0.99978679 -0.01311326 0.00853270 0.01347888
0.56613231 0.04441307 0.17603916 0.99978542 -0.01321483 0.00851709 0.01348735
0.56619555 0.04707274 0.17605159 0.99978417 -0.01331645 0.00849575 0.01349417
0.56626225 0.04980198 0.17606676 0.99978316 -0.01341456 0.00846606 0.01349514
0.56633162 0.05260615 0.17608450 0.99978220 -0.01351249 0.00842977 0.01348726
0.56640428 0.05548724 0.17610438 0.99978137 -0.01360941 0.00838661 0.01347690
0.56648058 0.05844265 0.17612632 0.99978065 -0.01370406 0.00833613 0.01346589
0.56655777 0.06146491 0.17614928 0.99978012 -0.01379776 0.00828153 0.01344899
0.56663936 0.06456349 0.17617586 0.99977970 -0.01389062 0.00821871 0.01342257
0.56672388 0.06773890 0.17620447 0.99977928 -0.01398385 0.00815028 0.01339408
0.56681132 0.07098827 0.17623463 0.99977899 -0.01407570 0.00807625 0.01336518
0.56690133 0.07430680 0.17626660 0.99977887 -0.01416546 0.00799626 0.01333015
0.56699443 0.07770061 0.17630132 0.99977887 -0.01425630 0.00791067 0.01328630
0.56709111 0.08117160 0.17633839 0.99977887 -0.01434708 0.00781852 0.01323934
0.56719041 0.08471609 0.17637694 0.99977899 -0.01443547 0.00772089 0.01319071
0.56729114 0.08832869 0.17641680 0.99977928 -0.01452386 0.00761944 0.01313595
0.56739604 0.09201735 0.17646042 0.99977952 -0.01461333 0.00751132 0.01307193
0.56750476 0.09578445 0.17650655 0.99978000 -0.01470119 0.00739604 0.01300481
0.56761563 0.09962535 0.17655414 0.99978054 -0.01478791 0.00727671 0.01293605
0.56772846 0.10353447 0.17660370 0.99978113 -0.01487309 0.00715178 0.01285998
0.56784481 0.10751899 0.17665696 0.99978191 -0.01495975 0.00702137 0.01277423
0.56796449 0.11158102 0.17671305 0.99978268 -0.01504552 0.00688392 0.01268383
0.56808704 0.11571566 0.17677164 0.99978364 -0.01512855 0.00674027 0.01258829
0.56821173 0.11992010 0.17683265 0.99978465 -0.01521140 0.00659233 0.01248764
0.56833982 0.12419861 0.17689747 0.99978578 -0.01529312 0.00643712 0.01237309
0.56847185 0.12855515 0.17696646 0.99978709 -0.01537365 0.00627434 0.01225406
0.56860620 0.13298489 0.17703846 0.99978840 -0.01545340 0.00610572 0.01212999
0.56874216 0.13748288 0.17711326 0.99978983 -0.01553160 0.00593305 0.01199813
0.56888181 0.14205427 0.17719260 0.99979150 -0.01560748 0.00575167 0.01184931
0.56902522 0.14670244 0.17727676 0.99979323 -0.01568156 0.00556260 0.01169320
0.56917119 0.15142342 0.17736484 0.99979502 -0.01575279 0.00536662 0.01153022
0.56931955 0.15621190 0.17745775 0.99979699 -0.01582170 0.00516355 0.01135663
0.56947267 0.16107401 0.17755733 0.99979919 -0.01588792 0.00495070 0.01116469
0.56962979 0.16601178 0.17766303 0.99980152 -0.01595163 0.00472897 0.01096207
0.56978935 0.17102014 0.17777395 0.99980396 -0.01601189 0.00449973 0.01074919
0.56995136 0.17609543 0.17789069 0.99980646 -0.01606715 0.00426215 0.01052110
0.57011884 0.18124257 0.17801620 0.99980927 -0.01611841 0.00401276 0.01027100
0.57029098 0.18646316 0.17815006 0.99981225 -0.01616645 0.00375241 0.01000491
0.57046634 0.19175282 0.17829162 0.99981534 -0.01620907 0.00348109 0.00972276
0.57064492 0.19710669 0.17844148 0.99981856 -0.01624507 0.00319993 0.00942087
0.57082987 0.20252857 0.17860302 0.99982208 -0.01627505 0.00290334 0.00908742
0.57102048 0.20802037 0.17877620 0.99982566 -0.01629883 0.00259250 0.00873054
0.57121575 0.21357691 0.17896099 0.99982953 -0.01631421 0.00226694 0.00834783
0.57141554 0.21919383 0.17915836 0.99983352 -0.01632023 0.00192720 0.00793633
0.57162344 0.22487240 0.17937216 0.99983764 -0.01631802 0.00156730 0.00748122
0.57183915 0.23061365 0.17960271 0.99984199 -0.01630664 0.00118703 0.00698650
0.57206166 0.23641022 0.17985025 0.99984634 -0.01628232 0.00078636 0.00644966
0.57229084 0.24225692 0.18011640 0.99985081 -0.01624614 0.00036508 0.00586371
0.57253146 0.24815279 0.18040735 0.99985528 -0.01619643 -0.00008553 0.00520893
0.57278323 0.25409570 0.18072356 0.99985969 -0.01613212 -0.00056624 0.00448692
0.57304472 0.26007664 0.18106566 0.99986374 -0.01605171 -0.00107837 0.00368861
0.57331657 0.26608494 0.18143579 0.99986756 -0.01595306 -0.00162351 0.00279951
0.57362264 0.27205244 0.18186641 0.99987024 -0.01586533 -0.00225329 0.00167758
0.57395172 0.27797899 0.18232933 0.99987143 -0.01575726 -0.00294501 0.00034532
0.57429445 0.28385574 0.18282045 0.99987012 -0.01564354 -0.00369078 -0.00119986
