0.56610721 -0.00517360 0.17840312 0.99997365 -0.00039142 -0.00146979 -0.00710262
0.56700534 -0.00525980 0.17836626 0.99997306 -0.00035542 -0.00139689 -0.00720647
0.56875765 -0.00527505 0.17837308 0.99997211 -0.00026160 -0.00144458 -0.00732501
0.57129085 -0.00524211 0.17848545 0.99997073 -0.00009298 -0.00165862 -0.00747252
0.57436895 -0.00515834 0.17868401 0.99996895 0.00012416 -0.00199646 -0.00762481
0.57790995 -0.00503108 0.17892921 0.99996674 0.00038195 -0.00240707 -0.00778942
0.58181405 -0.00485752 0.17922246 0.99996412 0.00066435 -0.00288641 -0.00793715
0.58573866 -0.00464568 0.17953539 0.99996156 0.00093949 -0.00338495 -0.00803457
0.58961040 -0.00441642 0.17981511 0.99995899 0.00120175 -0.00383949 -0.00811311
0.59335589 -0.00416899 0.18007314 0.99995667 0.00144202 -0.00426310 -0.00815116
0.59662318 -0.00391071 0.18029308 0.99995512 0.00162500 -0.00461727 -0.00811994
0.59937203 -0.00365449 0.18042591 0.99995428 0.00175238 -0.00484586 -0.00805950
0.60158032 -0.00339070 0.18049254 0.99995440 0.00181061 -0.00497133 -0.00795265
0.60298216 -0.00311212 0.18049504 0.99995583 0.00177032 -0.00497252 -0.00777947
0.60358405 -0.00281235 0.18040484 0.99995852 0.00163412 -0.00481367 -0.00756678
0.60341668 -0.00247505 0.18024738 0.99996221 0.00139022 -0.00451708 -0.00730143
0.60236716 -0.00207611 0.18004170 0.99996686 0.00101697 -0.00408041 -0.00696834
0.60047811 -0.00159825 0.17978670 0.99997216 0.00051641 -0.00349557 -0.00657098
0.59781837 -0.00102765 0.17950332 0.99997753 -0.00011265 -0.00277984 -0.00610396
0.59444898 -0.00034614 0.17922385 0.99998224 -0.00085682 -0.00196862 -0.00556836
0.59044600 0.00043162 0.17899436 0.99998522 -0.00155944 -0.00119996 -0.00506698
0.58588672 0.00131526 0.17878558 0.99998683 -0.00221163 -0.00048184 -0.00461317
0.58097166 0.00230206 0.17857476 0.99998724 -0.00281686 0.00020742 -0.00418937
0.57575768 0.00338094 0.17838508 0.99998677 -0.00337863 0.00084537 -0.00378962
0.57032710 0.00454092 0.17819385 0.99998558 -0.00389832 0.00145847 -0.00341250
0.56498474 0.00573778 0.17797187 0.99998367 -0.00438344 0.00207424 -0.00304106
0.55977952 0.00693960 0.17776603 0.99998122 -0.00483245 0.00264424 -0.00268981
0.55477333 0.00813321 0.17755362 0.99997836 -0.00525063 0.00319678 -0.00236082
0.55029410 0.00927700 0.17730467 0.99997497 -0.00564331 0.00376201 -0.00204097
0.54636902 0.01035484 0.17707695 0.99997133 -0.00600439 0.00427824 -0.00175277
0.54301959 0.01137728 0.17685118 0.99996746 -0.00633812 0.00477093 -0.00149978
0.54050279 0.01234291 0.17660329 0.99996322 -0.00664932 0.00526577 -0.00127583
0.53881520 0.01327048 0.17637931 0.99995917 -0.00693071 0.00571090 -0.00108910
0.53792107 0.01418439 0.17615649 0.99995506 -0.00717187 0.00613433 -0.00092561
0.53793871 0.01512281 0.17593402 0.99995089 -0.00740206 0.00654846 -0.00081752
0.53884715 0.01612493 0.17573805 0.99994689 -0.00761145 0.00691944 -0.00072067
0.54059350 0.01719548 0.17555726 0.99994314 -0.00779837 0.00724703 -0.00063927
0.54313803 0.01835760 0.17537065 0.99993968 -0.00796610 0.00754321 -0.00058065
0.54641116 0.01962601 0.17519148 0.99993646 -0.00811875 0.00781131 -0.00052680
0.55032867 0.02100446 0.17503051 0.99993348 -0.00825608 0.00803906 -0.00046819
0.55468714 0.02248115 0.17490089 0.99993110 -0.00837743 0.00821471 -0.00040225
0.55941916 0.02404522 0.17477845 0.99992889 -0.00849205 0.00837010 -0.00033448
0.56443918 0.02568823 0.17468485 0.99992704 -0.00859749 0.00847918 -0.00025229
0.56943303 0.02737770 0.17464431 0.99992597 -0.00868726 0.00852108 -0.00015707
0.57433736 0.02909681 0.17461172 0.99992496 -0.00877207 0.00854999 -0.00007038
0.57908541 0.03084143 0.17460726 0.99992436 -0.00885260 0.00854260 0.00002215
0.58333921 0.03258311 0.17465898 0.99992436 -0.00891924 0.00847536 0.00011486
0.58706295 0.03432180 0.17471172 0.99992430 -0.00898337 0.00841147 0.00018629
0.59023237 0.03606798 0.17478037 0.99992442 -0.00904399 0.00833118 0.00024765
0.59258282 0.03781721 0.17489037 0.99992484 -0.00909841 0.00821382 0.00029144
0.59411865 0.03959291 0.17499396 0.99992514 -0.00915527 0.00811154 0.00030781
0.59486818 0.04141752 0.17510076 0.99992537 -0.00921625 0.00801080 0.00030687
0.59470731 0.04330809 0.17522977 0.99992573 -0.00928187 0.00789553 0.00028075
0.59367496 0.04529943 0.17535460 0.99992585 -0.00935727 0.00779229 0.00023787
0.59183681 0.04741302 0.17547548 0.99992585 -0.00944322 0.00769907 0.00018468
0.58923411 0.04966749 0.17559707 0.99992549 -0.00954366 0.00761068 0.00012423
0.58592278 0.05207725 0.17571817 0.99992508 -0.00965798 0.00752610 0.00006336
0.58198583 0.05465081 0.17582613 0.99992430 -0.00978893 0.00745863 0.00001154
0.57761955 0.05738100 0.17590626 0.99992311 -0.00993711 0.00741744 -0.00001245
0.57288402 0.06023591 0.17598335 0.99992180 -0.01010042 0.00737613 -0.00002383
0.56786478 0.06320152 0.17603613 0.99992013 -0.01027960 0.00735766 -0.00001603
0.56287014 0.06623831 0.17603683 0.99991798 -0.01046842 0.00738227 0.00004042
0.55795163 0.06928435 0.17603569 0.99991584 -0.01065952 0.00740016 0.00010118
0.55317700 0.07233053 0.17601053 0.99991345 -0.01085204 0.00743723 0.00017341
0.54888457 0.07534652 0.17593287 0.99991083 -0.01103425 0.00751704 0.00029046
0.54510278 0.07828511 0.17586349 0.99990857 -0.01119190 0.00757879 0.00039403
0.54185659 0.08116123 0.17578338 0.99990654 -0.01132882 0.00764745 0.00048748
0.53941512 0.08399006 0.17566599 0.99990439 -0.01143903 0.00774640 0.00059605
0.53777319 0.08676450 0.17556284 0.99990296 -0.01151383 0.00782454 0.00067916
0.53690672 0.08951973 0.17545946 0.99990177 -0.01155961 0.00789797 0.00073756
0.53694665 0.09229981 0.17533600 0.99990076 -0.01158565 0.00798720 0.00078636
0.53786045 0.09512144 0.17522116 0.99990004 -0.01158750 0.00806004 0.00081265
0.53958583 0.09800821 0.17511165 0.99989969 -0.01157463 0.00812131 0.00081592
0.54209137 0.10099073 0.17500283 0.99989957 -0.01155269 0.00817472 0.00080256
0.54532468 0.10408314 0.17489801 0.99989957 -0.01152539 0.00821531 0.00077813
0.54920453 0.10728681 0.17480840 0.99989986 -0.01149303 0.00823057 0.00074539
0.55354482 0.11058369 0.17474909 0.99990052 -0.01145423 0.00820667 0.00069717
0.55828369 0.11397874 0.17469883 0.99990124 -0.01142091 0.00816876 0.00064660
0.56333548 0.11745439 0.17467752 0.99990231 -0.01138371 0.00809056 0.00059167
0.56840247 0.12095305 0.17471425 0.99990404 -0.01133752 0.00795156 0.00051859
0.57342488 0.12448388 0.17476371 0.99990571 -0.01129371 0.00780016 0.00043438
0.57833356 0.12803254 0.17484546 0.99990773 -0.01124960 0.00761241 0.00034397
0.58279526 0.13153328 0.17498909 0.99991024 -0.01119399 0.00736761 0.00021855
0.58677161 0.13501853 0.17513514 0.99991250 -0.01114732 0.00712943 0.00007271
0.59023237 0.13849473 0.17529690 0.99991465 -0.01110518 0.00687826 -0.00008830
0.59290475 0.14192313 0.17549810 0.99991691 -0.01106781 0.00659984 -0.00029556
0.59478700 0.14536409 0.17568439 0.99991876 -0.01104897 0.00634640 -0.00052470
0.59589875 0.14884008 0.17586118 0.99991995 -0.01105303 0.00610906 -0.00076785
0.59610230 0.15234360 0.17604378 0.99992079 -0.01108456 0.00587350 -0.00105760
0.59542805 0.15593785 0.17619976 0.99992079 -0.01115477 0.00567085 -0.00136029
0.59393460 0.15965122 0.17632517 0.99992007 -0.01126719 0.00549912 -0.00166586
0.59164864 0.16349389 0.17642426 0.99991834 -0.01143098 0.00535202 -0.00198311
0.58862239 0.16748372 0.17649180 0.99991584 -0.01164901 0.00523019 -0.00230143
0.58493674 0.17163374 0.17651774 0.99991226 -0.01192510 0.00514174 -0.00260632
0.58077419 0.17594939 0.17649478 0.99990797 -0.01225096 0.00508684 -0.00287801
0.57620126 0.18037894 0.17644913 0.99990267 -0.01262605 0.00503916 -0.00314886
0.57130569 0.18491307 0.17636843 0.99989659 -0.01304418 0.00501317 -0.00340942
0.56638324 0.18955794 0.17624269 0.99989021 -0.01347131 0.00501460 -0.00360337
0.56149983 0.19422498 0.17612787 0.99988377 -0.01389515 0.00499433 -0.00380002
