0.56869113 -0.00710965 0.17958368 0.99970794 -0.00212824 -0.00264013 0.02392833
0.56868267 -0.00714470 0.17957877 0.99970627 -0.00222224 -0.00253248 0.02400160
0.56866544 -0.00711066 0.17951941 0.99970311 -0.00234729 -0.00237423 0.02413505
0.56865591 -0.00705295 0.17945647 0.99969971 -0.00247300 -0.00221300 0.02428030
0.56865448 -0.00697662 0.17939071 0.99969625 -0.00260329 -0.00204444 0.02442506
0.56866503 -0.00687437 0.17932269 0.99969262 -0.00273925 -0.00186735 0.02457072
0.56868738 -0.00674420 0.17925280 0.99968886 -0.00287700 -0.00168419 0.02471958
0.56872392 -0.00658737 0.17918259 0.99968505 -0.00302154 -0.00149465 0.02487144
0.56877679 -0.00639654 0.17910941 0.99968112 -0.00317508 -0.00129199 0.02502153
0.56884849 -0.00616582 0.17903429 0.99967688 -0.00333446 -0.00107968 0.02517661
0.56893820 -0.00589374 0.17895493 0.99967247 -0.00349861 -0.00085753 0.02534080
0.56904763 -0.00558067 0.17887209 0.99966776 -0.00367755 -0.00061965 0.02550717
0.56918067 -0.00521548 0.17878364 0.99966270 -0.00386471 -0.00036705 0.02568060
0.56933695 -0.00480144 0.17869234 0.99965721 -0.00406182 -0.00010091 0.02586424
0.56951475 -0.00433958 0.17859547 0.99965143 -0.00427014 0.00018013 0.02605493
0.56971991 -0.00382005 0.17849220 0.99964511 -0.00449413 0.00048047 0.02625358
0.56995237 -0.00324186 0.17838359 0.99963820 -0.00473094 0.00079840 0.02646543
0.57021087 -0.00260733 0.17827024 0.99963075 -0.00497955 0.00113052 0.02668904
0.57049668 -0.00191696 0.17814940 0.99962270 -0.00524694 0.00148457 0.02691993
0.57081366 -0.00116119 0.17802191 0.99961400 -0.00553107 0.00185776 0.02716265
0.57115525 -0.00033554 0.17788479 0.99960411 -0.00584877 0.00225222 0.02742968
0.57151687 0.00055054 0.17775118 0.99959373 -0.00616276 0.00265944 0.02769957
0.57191020 0.00149925 0.17761227 0.99958271 -0.00649536 0.00309122 0.02797793
0.57234132 0.00251479 0.17747846 0.99957150 -0.00681824 0.00350773 0.02825112
0.57280964 0.00359091 0.17735441 0.99956071 -0.00711638 0.00389141 0.02850537
0.57331628 0.00472839 0.17723836 0.99955070 -0.00739229 0.00424808 0.02873645
0.57386523 0.00593307 0.17713125 0.99954122 -0.00764751 0.00457603 0.02894795
0.57446575 0.00720247 0.17702867 0.99953222 -0.00788385 0.00487345 0.02914783
0.57512599 0.00851689 0.17693292 0.99952370 -0.00811273 0.00513798 0.02932781
0.57582927 0.00989223 0.17684533 0.99951613 -0.00832891 0.00537968 0.02948360
0.57657593 0.01133552 0.17676556 0.99950904 -0.00852984 0.00559723 0.02962490
0.57736421 0.01284688 0.17669253 0.99950224 -0.00872022 0.00579458 0.02976087
0.57819474 0.01442272 0.17662445 0.99949610 -0.00890017 0.00597316 0.02987674
0.57907033 0.01607069 0.17656183 0.99949050 -0.00906980 0.00613469 0.02998282
0.57998931 0.01778948 0.17650466 0.99948519 -0.00922877 0.00627798 0.03008091
0.58094949 0.01957443 0.17645264 0.99948025 -0.00938112 0.00640643 0.03017127
0.58195502 0.02143005 0.17640454 0.99947584 -0.00952643 0.00652075 0.03024731
0.58300537 0.02335929 0.17636128 0.99947172 -0.00966501 0.00662094 0.03031825
0.58409727 0.02535777 0.17632186 0.99946773 -0.00979686 0.00670808 0.03038434
0.58523232 0.02742497 0.17628585 0.99946439 -0.00992304 0.00678402 0.03043761
0.58641297 0.02956828 0.17625298 0.99946135 -0.01004469 0.00684816 0.03048469
0.58763641 0.03178459 0.17622395 0.99945843 -0.01016134 0.00690073 0.03052853
0.58889931 0.03406839 0.17619736 0.99945581 -0.01027566 0.00694454 0.03056566
0.59020680 0.03642622 0.17617476 0.99945372 -0.01038474 0.00697714 0.03059230
0.59155583 0.03885940 0.17615421 0.99945164 -0.01049077 0.00700110 0.03061593
0.59294432 0.04136490 0.17613667 0.99944979 -0.01059628 0.00701684 0.03063903
0.59437245 0.04394063 0.17612258 0.99944830 -0.01069844 0.00702345 0.03065054
0.59584105 0.04659283 0.17611140 0.99944699 -0.01079750 0.00702149 0.03065680
0.59734744 0.04932148 0.17610192 0.99944592 -0.01089334 0.00701165 0.03066186
0.59888870 0.05212043 0.17609528 0.99944496 -0.01098776 0.00699466 0.03066320
0.60046518 0.05499421 0.17609173 0.99944431 -0.01108056 0.00696951 0.03065483
0.60207516 0.05794502 0.17609042 0.99944395 -0.01117176 0.00693733 0.03064359
0.60371649 0.06096920 0.17609179 0.99944353 -0.01126170 0.00689870 0.03063313
0.60538596 0.06406458 0.17609616 0.99944341 -0.01135027 0.00685191 0.03061133
0.60708255 0.06723727 0.17610399 0.99944365 -0.01143771 0.00679827 0.03058516
0.60880405 0.07048683 0.17611384 0.99944389 -0.01152355 0.00673860 0.03055787
0.61054790 0.07380857 0.17612681 0.99944431 -0.01160741 0.00667137 0.03052641
0.61230844 0.07720345 0.17614383 0.99944520 -0.01169127 0.00659734 0.03048372
0.61408454 0.08067707 0.17616317 0.99944603 -0.01177388 0.00651699 0.03044001
0.61587501 0.08422520 0.17618521 0.99944699 -0.01185530 0.00643075 0.03039516
0.61767226 0.08784394 0.17621201 0.99944830 -0.01193726 0.00633735 0.03033997
0.61947238 0.09154016 0.17624405 0.99944985 -0.01201701 0.00623471 0.03027782
0.62127358 0.09531286 0.17627697 0.99945152 -0.01209539 0.00612777 0.03021453
0.62307316 0.09915757 0.17631356 0.99945325 -0.01217371 0.00601452 0.03014644
0.62485850 0.10307506 0.17635615 0.99945557 -0.01225108 0.00589204 0.03006592
0.62662941 0.10707056 0.17640308 0.99945784 -0.01232743 0.00576365 0.02998186
0.62838554 0.11114092 0.17645180 0.99946022 -0.01240164 0.00562948 0.02989554
0.63011384 0.11527935 0.17650741 0.99946308 -0.01247531 0.00548613 0.02979558
0.63180548 0.11949416 0.17656742 0.99946618 -0.01254970 0.00533652 0.02968842
0.63346320 0.12378555 0.17663178 0.99946940 -0.01262152 0.00518006 0.02957777
0.63508219 0.12814681 0.17669949 0.99947286 -0.01269126 0.00501770 0.02945927
0.63664222 0.13257842 0.17677581 0.99947679 -0.01276058 0.00484437 0.02932490
0.63814110 0.13708541 0.17685360 0.99948084 -0.01282883 0.00466764 0.02918334
0.63958442 0.14166746 0.17693435 0.99948508 -0.01289523 0.00448602 0.02903879
0.64095211 0.14631434 0.17702374 0.99948978 -0.01296234 0.00429410 0.02887732
0.64223057 0.15103346 0.17711827 0.99949479 -0.01302755 0.00409484 0.02870153
0.64342415 0.15582788 0.17721385 0.99949992 -0.01309311 0.00389302 0.02851898
0.64453161 0.16069175 0.17731383 0.99950534 -0.01315635 0.00368458 0.02832712
0.64552158 0.16562028 0.17742285 0.99951130 -0.01322091 0.00346690 0.02811345
0.64639515 0.17062207 0.17753381 0.99951750 -0.01328474 0.00324529 0.02788780
0.64715970 0.17569666 0.17764421 0.99952388 -0.01334870 0.00302219 0.02765378
0.64779150 0.18083149 0.17776391 0.99953079 -0.01341403 0.00278854 0.02739602
0.64827275 0.18603449 0.17788717 0.99953812 -0.01348144 0.00255042 0.02711758
0.64861244 0.19131072 0.17800979 0.99954563 -0.01355004 0.00231123 0.02682665
0.64881021 0.19665109 0.17813371 0.99955344 -0.01362014 0.00206774 0.02651694
0.64882910 0.20204833 0.17826445 0.99956203 -0.01369661 0.00181669 0.02617338
0.64867264 0.20751561 0.17839377 0.99957085 -0.01377690 0.00156438 0.02580804
0.64835250 0.21305184 0.17851987 0.99957979 -0.01386082 0.00131243 0.02542427
0.64784402 0.21863842 0.17865193 0.99958950 -0.01395404 0.00105125 0.02500003
0.64712846 0.22428219 0.17878272 0.99959987 -0.01405829 0.00078851 0.02453564
0.64621907 0.22999007 0.17890903 0.99961048 -0.01417041 0.00052518 0.02403969
0.64511913 0.23575100 0.17903301 0.99962163 -0.01429451 0.00025773 0.02350190
0.64379364 0.24154995 0.17915934 0.99963361 -0.01443744 -0.00001764 0.02289862
0.64224809 0.24739787 0.17927939 0.99964619 -0.01459754 -0.00029498 0.02223643
0.64049798 0.25329113 0.17939106 0.99965924 -0.01477414 -0.00057495 0.02151369
0.63852608 0.25920102 0.17950475 0.99967325 -0.01498002 -0.00086856 0.02069509
0.63631892 0.26512575 0.17961237 0.99968815 -0.01521838 -0.00117147 0.01976540
0.63390732 0.27098325 0.17974828 0.99970537 -0.01553684 -0.00153917 0.01858617
0.63129246 0.27676398 0.17987615 0.99972445 -0.01589483 -0.00194281 0.01716626
0.62844694 0.28242692 0.17999910 0.99974424 -0.01634443 -0.00238413 0.01544879
0.62537193 0.28791928 0.18009916 0.99976361 -0.01691926 -0.00286484 0.01335261
0.62205625 0.29313943 0.18013005 0.99977982 -0.01769340 -0.00336671 0.01077211
