0.56693995 -0.00526813 0.17903741 0.99996817 -0.00045687 -0.00238729 -0.00760515
0.56692636 -0.00530711 0.17903341 0.99996889 -0.00055569 -0.00228298 -0.00752825
0.56689787 -0.00528089 0.17897318 0.99997020 -0.00068659 -0.00212765 -0.00739198
0.56687343 -0.00522714 0.17890944 0.99997157 -0.00081956 -0.00196856 -0.00724249
0.56684643 -0.00515924 0.17884319 0.99997282 -0.00095707 -0.00180268 -0.00709346
0.56682044 -0.00507290 0.17877686 0.99997401 -0.00109690 -0.00163352 -0.00694256
0.56679362 -0.00496227 0.17870876 0.99997514 -0.00124258 -0.00145602 -0.00678925
0.56676590 -0.00482780 0.17863855 0.99997628 -0.00139320 -0.00127089 -0.00663400
0.56673622 -0.00466542 0.17856486 0.99997723 -0.00155324 -0.00107479 -0.00647639
0.56670737 -0.00446883 0.17848985 0.99997824 -0.00172079 -0.00086910 -0.00631120
0.56667709 -0.00424132 0.17841208 0.99997914 -0.00189692 -0.00065243 -0.00614281
0.56664407 -0.00397601 0.17832877 0.99997997 -0.00208229 -0.00042093 -0.00596997
0.56661087 -0.00367162 0.17824271 0.99998063 -0.00227797 -0.00017726 -0.00578814
0.56657583 -0.00332654 0.17815235 0.99998128 -0.00248492 0.00008100 -0.00560064
0.56653941 -0.00293710 0.17805749 0.99998176 -0.00270504 0.00035465 -0.00540262
0.56650120 -0.00250518 0.17795849 0.99998200 -0.00293756 0.00064296 -0.00519704
0.56646037 -0.00202559 0.17785360 0.99998206 -0.00318557 0.00094968 -0.00498116
0.56641889 -0.00149850 0.17774457 0.99998200 -0.00344718 0.00127131 -0.00475445
0.56637573 -0.00092183 0.17762980 0.99998158 -0.00372505 0.00161165 -0.00451676
0.56632948 -0.00029439 0.17750926 0.99998093 -0.00402004 0.00197065 -0.00426790
0.56627929 0.00038807 0.17737964 0.99997985 -0.00434977 0.00234622 -0.00399916
0.56622219 0.00112280 0.17725159 0.99997848 -0.00466943 0.00273460 -0.00372843
0.56616366 0.00190553 0.17712173 0.99997658 -0.00500798 0.00314325 -0.00344455
0.56610394 0.00273788 0.17699134 0.99997437 -0.00535041 0.00355476 -0.00316246
0.56604838 0.00362168 0.17687081 0.99997199 -0.00566542 0.00393385 -0.00290307
0.56599861 0.00455829 0.17676046 0.99996960 -0.00595802 0.00428313 -0.00265907
0.56595165 0.00554719 0.17665821 0.99996710 -0.00622863 0.00460666 -0.00243645
0.56590778 0.00658803 0.17656383 0.99996459 -0.00647634 0.00490320 -0.00223158
0.56586796 0.00768396 0.17647707 0.99996203 -0.00670826 0.00517792 -0.00204116
0.56583035 0.00883505 0.17639656 0.99995959 -0.00692064 0.00543064 -0.00186661
0.56579518 0.01003975 0.17632169 0.99995726 -0.00711638 0.00566417 -0.00170647
0.56576288 0.01130145 0.17625323 0.99995488 -0.00729889 0.00587922 -0.00155817
0.56573331 0.01262053 0.17618974 0.99995267 -0.00746727 0.00607771 -0.00141875
0.56570554 0.01399523 0.17613134 0.99995053 -0.00762236 0.00626010 -0.00129307
0.56569278 0.01542475 0.17607902 0.99994850 -0.00777721 0.00641984 -0.00117875
0.56570983 0.01689731 0.17604128 0.99994653 -0.00793731 0.00654274 -0.00108085
0.56572962 0.01842558 0.17601033 0.99994469 -0.00808901 0.00665051 -0.00099564
0.56575215 0.02001282 0.17598310 0.99994296 -0.00823224 0.00674611 -0.00091606
0.56577635 0.02165705 0.17595991 0.99994135 -0.00836664 0.00682908 -0.00084730
0.56580174 0.02335983 0.17594019 0.99993986 -0.00849706 0.00690240 -0.00078428
0.56582993 0.02512111 0.17592369 0.99993837 -0.00861877 0.00696522 -0.00072734
0.56585974 0.02694163 0.17591031 0.99993706 -0.00873679 0.00701833 -0.00067843
0.56589133 0.02882214 0.17589924 0.99993575 -0.00884950 0.00706238 -0.00063312
0.56592655 0.03076330 0.17589232 0.99993455 -0.00895673 0.00709659 -0.00059365
0.56596315 0.03276512 0.17588711 0.99993348 -0.00906008 0.00712395 -0.00055870
0.56600130 0.03482467 0.17588435 0.99993241 -0.00915951 0.00714290 -0.00052948
0.56604236 0.03694611 0.17588425 0.99993145 -0.00925529 0.00715446 -0.00050450
0.56608510 0.03912760 0.17588595 0.99993056 -0.00934875 0.00716025 -0.00048175
0.56613010 0.04136930 0.17588978 0.99992979 -0.00943744 0.00715810 -0.00046655
0.56617701 0.04367121 0.17589587 0.99992901 -0.00952542 0.00715035 -0.00045382
0.56622523 0.04603202 0.17590307 0.99992830 -0.00961018 0.00713712 -0.00044546
0.56627649 0.04845577 0.17591272 0.99992758 -0.00969368 0.00711757 -0.00044011
0.56632960 0.05093971 0.17592384 0.99992698 -0.00977415 0.00709265 -0.00043765
0.56638271 0.05348062 0.17593549 0.99992645 -0.00985438 0.00706404 -0.00044251
0.56643891 0.05608485 0.17594938 0.99992585 -0.00993431 0.00703037 -0.00044825
0.56649774 0.05874993 0.17596492 0.99992537 -0.01001149 0.00699133 -0.00045608
0.56655914 0.06147682 0.17598242 0.99992496 -0.01008689 0.00694615 -0.00046967
0.56662148 0.06426322 0.17600060 0.99992448 -0.01016229 0.00689846 -0.00048371
0.56668633 0.06711079 0.17602065 0.99992406 -0.01023561 0.00684434 -0.00050398
0.56675321 0.07002106 0.17604205 0.99992377 -0.01030904 0.00678700 -0.00052521
0.56682205 0.07299131 0.17606492 0.99992335 -0.01038098 0.00672501 -0.00054859
0.56689250 0.07602155 0.17608884 0.99992299 -0.01045370 0.00665998 -0.00057764
0.56696558 0.07911487 0.17611444 0.99992275 -0.01052499 0.00659055 -0.00060641
0.56703937 0.08226554 0.17614082 0.99992251 -0.01059461 0.00651658 -0.00064443
0.56711584 0.08548018 0.17616889 0.99992216 -0.01066417 0.00643861 -0.00068274
0.56719470 0.08875465 0.17619872 0.99992192 -0.01073372 0.00635743 -0.00072239
0.56727540 0.09209041 0.17623013 0.99992168 -0.01080114 0.00627071 -0.00076961
0.56735736 0.09548769 0.17626199 0.99992156 -0.01086932 0.00618213 -0.00081722
0.56744099 0.09894415 0.17629570 0.99992132 -0.01093858 0.00609022 -0.00087005
0.56752706 0.10246318 0.17633112 0.99992108 -0.01100588 0.00599289 -0.00092702
0.56761473 0.10604119 0.17636779 0.99992085 -0.01107210 0.00589257 -0.00098720
0.56770414 0.10968018 0.17640597 0.99992073 -0.01113808 0.00578821 -0.00105434
0.56779575 0.11338072 0.17644630 0.99992049 -0.01120418 0.00567973 -0.00112278
0.56788921 0.11713954 0.17648834 0.99992031 -0.01126915 0.00556731 -0.00119955
0.56798500 0.12096273 0.17653236 0.99992013 -0.01133227 0.00545037 -0.00127887
0.56808245 0.12484485 0.17657815 0.99992001 -0.01139528 0.00532979 -0.00136276
0.56818241 0.12878919 0.17662670 0.99991977 -0.01145697 0.00520444 -0.00145212
0.56828409 0.13279425 0.17667696 0.99991959 -0.01151800 0.00507492 -0.00154502
0.56838757 0.13685843 0.17672953 0.99991947 -0.01157820 0.00494140 -0.00164629
0.56849325 0.14098366 0.17678472 0.99991930 -0.01163703 0.00480288 -0.00175343
0.56860059 0.14516817 0.17684241 0.99991906 -0.01169306 0.00465941 -0.00186700
0.56871051 0.14941368 0.17690332 0.99991882 -0.01174957 0.00451171 -0.00198753
0.56882197 0.15371877 0.17696695 0.99991864 -0.01180327 0.00435859 -0.00211460
0.56893611 0.15808347 0.17703409 0.99991840 -0.01185501 0.00420052 -0.00225080
0.56905258 0.16250898 0.17710471 0.99991816 -0.01190472 0.00403625 -0.00239528
0.56917095 0.16699244 0.17717898 0.99991786 -0.01195252 0.00386727 -0.00254727
0.56929237 0.17153654 0.17725761 0.99991757 -0.01199681 0.00369114 -0.00271084
0.56941593 0.17613979 0.17734055 0.99991727 -0.01203990 0.00350982 -0.00288125
0.56954193 0.18080020 0.17742772 0.99991691 -0.01207888 0.00332111 -0.00306674
0.56967098 0.18552086 0.17752002 0.99991649 -0.01211464 0.00312620 -0.00326183
0.56980246 0.19029826 0.17761758 0.99991602 -0.01214701 0.00292403 -0.00346929
0.56993753 0.19513345 0.17772120 0.99991536 -0.01217532 0.00271338 -0.00369255
0.57007557 0.20002602 0.17783095 0.99991477 -0.01219976 0.00249451 -0.00392863
0.57021725 0.20497511 0.17794798 0.99991405 -0.01221925 0.00226694 -0.00418168
0.57036257 0.20998167 0.17807235 0.99991322 -0.01223350 0.00202924 -0.00445280
0.57051164 0.21504134 0.17820466 0.99991226 -0.01224232 0.00178230 -0.00474209
0.57066542 0.22015508 0.17834657 0.99991107 -0.01224619 0.00152391 -0.00505531
0.57082313 0.22532149 0.17849745 0.99990982 -0.01224118 0.00125366 -0.00539125
0.57098585 0.23053814 0.17865913 0.99990815 -0.01223123 0.00097066 -0.00575553
0.57115459 0.23580527 0.17883252 0.99990630 -0.01221359 0.00067443 -0.00614861
