0.56705034 -0.00489658 0.17908657 0.99997592 -0.00153148 -0.00240040 -0.00633818
0.56782323 -0.00497130 0.17905068 0.99997556 -0.00150836 -0.00232577 -0.00642580
0.56933159 -0.00497613 0.17904396 0.99997503 -0.00143927 -0.00234634 -0.00651918
0.57154214 -0.00493955 0.17911659 0.99997401 -0.00129712 -0.00250185 -0.00664808
0.57435822 -0.00485856 0.17927298 0.99997240 -0.00110173 -0.00278610 -0.00679514
0.57750714 -0.00472419 0.17948610 0.99997067 -0.00088304 -0.00314546 -0.00692636
0.58091277 -0.00454503 0.17971167 0.99996865 -0.00064737 -0.00352704 -0.00705561
0.58455235 -0.00432555 0.17994256 0.99996650 -0.00039679 -0.00392163 -0.00718197
0.58833289 -0.00406305 0.18018925 0.99996412 -0.00014985 -0.00433588 -0.00727601
0.59187496 -0.00376292 0.18042661 0.99996221 0.00005925 -0.00471878 -0.00730499
0.59511793 -0.00344045 0.18060119 0.99996078 0.00022876 -0.00500941 -0.00730570
0.59808248 -0.00309759 0.18071586 0.99995983 0.00036240 -0.00521505 -0.00728540
0.60071838 -0.00272730 0.18079297 0.99995947 0.00044501 -0.00535631 -0.00722100
0.60269171 -0.00232358 0.18082675 0.99996030 0.00043750 -0.00539851 -0.00708529
0.60398495 -0.00188734 0.18077803 0.99996203 0.00034308 -0.00529599 -0.00691010
0.60465509 -0.00140783 0.18065792 0.99996483 0.00016522 -0.00506234 -0.00669602
0.60471106 -0.00087510 0.18049206 0.99996817 -0.00010788 -0.00471902 -0.00643108
0.60399020 -0.00026531 0.18029541 0.99997222 -0.00050741 -0.00425482 -0.00609730
0.60251987 0.00043922 0.18005729 0.99997658 -0.00102884 -0.00365424 -0.00569782
0.60036206 0.00125022 0.17979029 0.99998069 -0.00167918 -0.00293052 -0.00522377
0.59758776 0.00215991 0.17954189 0.99998367 -0.00235623 -0.00216913 -0.00473327
0.59426004 0.00317419 0.17933053 0.99998522 -0.00298893 -0.00147092 -0.00429679
0.59042168 0.00431121 0.17914614 0.99998564 -0.00357878 -0.00082988 -0.00389667
0.58611202 0.00557465 0.17898650 0.99998528 -0.00412911 -0.00024182 -0.00352435
0.58140862 0.00695947 0.17883207 0.99998415 -0.00464290 0.00031692 -0.00317931
0.57655615 0.00844721 0.17866156 0.99998242 -0.00512373 0.00086612 -0.00284840
0.57160723 0.01001608 0.17850709 0.99998033 -0.00557262 0.00137192 -0.00253400
0.56656969 0.01165459 0.17837197 0.99997789 -0.00599259 0.00183362 -0.00223807
0.56152105 0.01335059 0.17822641 0.99997509 -0.00638831 0.00228590 -0.00195605
0.55681086 0.01505892 0.17803833 0.99997193 -0.00676382 0.00275725 -0.00167111
0.55248088 0.01674869 0.17786434 0.99996865 -0.00711441 0.00318861 -0.00140525
0.54850435 0.01841937 0.17771077 0.99996531 -0.00744039 0.00357598 -0.00116712
0.54492527 0.02007636 0.17754909 0.99996173 -0.00774586 0.00395411 -0.00095136
0.54205650 0.02170490 0.17735113 0.99995798 -0.00803578 0.00434965 -0.00074887
0.53991044 0.02330704 0.17717062 0.99995434 -0.00829840 0.00470459 -0.00057560
0.53843421 0.02490528 0.17701137 0.99995095 -0.00853425 0.00501662 -0.00043107
0.53761536 0.02652115 0.17685248 0.99994761 -0.00874937 0.00531107 -0.00031551
0.53760719 0.02818005 0.17667593 0.99994427 -0.00894856 0.00560635 -0.00022618
0.53839082 0.02990473 0.17651007 0.99994117 -0.00912595 0.00586921 -0.00015618
0.53990752 0.03171276 0.17635529 0.99993825 -0.00928402 0.00610161 -0.00009902
0.54209894 0.03361521 0.17620908 0.99993575 -0.00942522 0.00630623 -0.00005543
0.54490519 0.03562780 0.17607085 0.99993336 -0.00955594 0.00648540 -0.00002486
0.54827970 0.03775891 0.17593828 0.99993116 -0.00967491 0.00664073 -0.00000010
0.55218083 0.04000790 0.17581044 0.99992919 -0.00978863 0.00677705 0.00002663
0.55652606 0.04236827 0.17570564 0.99992746 -0.00989228 0.00687128 0.00005760
0.56106001 0.04481949 0.17564516 0.99992633 -0.00998348 0.00690657 0.00008902
0.56572086 0.04735543 0.17559390 0.99992532 -0.01007324 0.00692528 0.00011809
0.57049662 0.04997072 0.17554763 0.99992442 -0.01016182 0.00693178 0.00014529
0.57530731 0.05265293 0.17553417 0.99992377 -0.01024461 0.00689393 0.00017712
0.57979512 0.05536649 0.17558438 0.99992383 -0.01031381 0.00678819 0.00020232
0.58391035 0.05811488 0.17564066 0.99992377 -0.01038098 0.00667971 0.00021160
0.58767843 0.06090710 0.17569415 0.99992377 -0.01044995 0.00657600 0.00020993
0.59105623 0.06374069 0.17577016 0.99992394 -0.01051706 0.00644755 0.00020375
0.59372872 0.06659642 0.17589799 0.99992436 -0.01057780 0.00627249 0.00016920
0.59568471 0.06950598 0.17602140 0.99992478 -0.01064146 0.00611025 0.00011283
0.59698075 0.07249208 0.17613319 0.99992490 -0.01071256 0.00596559 0.00004633
0.59762985 0.07556103 0.17624965 0.99992490 -0.01079112 0.00581837 -0.00003094
0.59748310 0.07872009 0.17639042 0.99992490 -0.01087976 0.00565273 -0.00014039
0.59656680 0.08200801 0.17652442 0.99992454 -0.01098508 0.00549990 -0.00026245
0.59494174 0.08544340 0.17664777 0.99992383 -0.01110941 0.00536030 -0.00038369
0.59266645 0.08903038 0.17675990 0.99992287 -0.01125652 0.00523311 -0.00050456
0.58980632 0.09277741 0.17686176 0.99992138 -0.01142877 0.00511342 -0.00062914
0.58640969 0.09668370 0.17695606 0.99991965 -0.01162946 0.00499821 -0.00075054
0.58251601 0.10074029 0.17704330 0.99991745 -0.01186013 0.00488490 -0.00086908
0.57820892 0.10494295 0.17710596 0.99991459 -0.01212061 0.00478953 -0.00097656
0.57374644 0.10927793 0.17712487 0.99991137 -0.01240247 0.00472516 -0.00104328
0.56918412 0.11368688 0.17714073 0.99990797 -0.01270050 0.00465214 -0.00110650
0.56453216 0.11814430 0.17716065 0.99990427 -0.01301295 0.00456476 -0.00118246
0.55986929 0.12265433 0.17715727 0.99990022 -0.01333690 0.00449318 -0.00124805
0.55555052 0.12721230 0.17710502 0.99989629 -0.01364344 0.00445777 -0.00124663
0.55162013 0.13174637 0.17706800 0.99989271 -0.01391548 0.00439864 -0.00125039
0.54805064 0.13624752 0.17705405 0.99988979 -0.01415092 0.00431162 -0.00128089
0.54488182 0.14074697 0.17703500 0.99988723 -0.01435363 0.00422984 -0.00130812
0.54241806 0.14528519 0.17698404 0.99988532 -0.01450223 0.00417656 -0.00127847
0.54067045 0.14982277 0.17695662 0.99988449 -0.01458216 0.00409865 -0.00125859
0.53958309 0.15436944 0.17695557 0.99988467 -0.01460344 0.00399595 -0.00126275
0.53914040 0.15895917 0.17696112 0.99988532 -0.01458025 0.00389010 -0.00127790
0.53948349 0.16364875 0.17695479 0.99988663 -0.01451361 0.00379550 -0.00127982
0.54059130 0.16843265 0.17696615 0.99988866 -0.01440352 0.00368088 -0.00129499
0.54240519 0.17331651 0.17699696 0.99989122 -0.01426029 0.00354713 -0.00132866
0.54486823 0.17830829 0.17704809 0.99989402 -0.01409155 0.00338995 -0.00138774
0.54791808 0.18341950 0.17712487 0.99989712 -0.01390302 0.00320286 -0.00147926
0.55150855 0.18866026 0.17722580 0.99990046 -0.01370054 0.00298625 -0.00159355
0.55560142 0.19403009 0.17735299 0.99990380 -0.01348633 0.00273722 -0.00172847
0.56011897 0.19950293 0.17752662 0.99990749 -0.01325452 0.00243354 -0.00189892
0.56481570 0.20501409 0.17777401 0.99991107 -0.01300675 0.00205374 -0.00214125
0.56963158 0.21058880 0.17806025 0.99991435 -0.01275587 0.00163323 -0.00242633
0.57455504 0.21623448 0.17838082 0.99991745 -0.01250076 0.00117618 -0.00274242
0.57951105 0.22191046 0.17876071 0.99992013 -0.01223451 0.00065404 -0.00310899
0.58415723 0.22750285 0.17922385 0.99992198 -0.01196730 0.00005722 -0.00358293
0.58843899 0.23307094 0.17970894 0.99992275 -0.01171350 -0.00055385 -0.00412119
0.59237498 0.23864560 0.18020160 0.99992251 -0.01147324 -0.00117016 -0.00470447
0.59592319 0.24420103 0.18071771 0.99992085 -0.01124895 -0.00180924 -0.00534674
0.59878534 0.24963905 0.18126455 0.99991703 -0.01106209 -0.00247169 -0.00612176
0.60093796 0.25504765 0.18178105 0.99991125 -0.01092756 -0.00309926 -0.00697601
0.60242653 0.26047045 0.18225224 0.99990326 -0.01084906 -0.00368744 -0.00789328
0.60326517 0.26589885 0.18268776 0.99989283 -0.01083195 -0.00425184 -0.00889353
0.60334492 0.27122897 0.18312056 0.99987710 -0.01092845 -0.00484419 -0.01014425
0.60267091 0.27650955 0.18349375 0.99985600 -0.01113147 -0.00541329 -0.01161408
0.60129535 0.28174070 0.18380827 0.99982756 -0.01147413 -0.00597042 -0.01332918
