0.56654763 -0.00595650 0.17940216 0.99998051 -0.00307477 -0.00226897 -0.00495537
0.56652373 -0.00597102 0.17938945 0.99998069 -0.00319469 -0.00213981 -0.00488579
0.56648695 -0.00587806 0.17931767 0.99998128 -0.00335848 -0.00194514 -0.00474059
0.56645137 -0.00572773 0.17923722 0.99998182 -0.00353020 -0.00173426 -0.00457310
0.56641740 -0.00553499 0.17915383 0.99998236 -0.00370938 -0.00151229 -0.00439149
0.56638432 -0.00530696 0.17906813 0.99998283 -0.00389314 -0.00128174 -0.00420392
0.56635052 -0.00504933 0.17897996 0.99998307 -0.00408316 -0.00104225 -0.00401106
0.56631655 -0.00476512 0.17889038 0.99998331 -0.00427711 -0.00079679 -0.00381268
0.56628585 -0.00445455 0.17880102 0.99998331 -0.00447422 -0.00054812 -0.00360858
0.56625283 -0.00412618 0.17870994 0.99998325 -0.00467390 -0.00029445 -0.00340447
0.56622165 -0.00378143 0.17861974 0.99998301 -0.00487435 -0.00004011 -0.00319781
0.56619292 -0.00342102 0.17853093 0.99998266 -0.00507629 0.00021404 -0.00298807
0.56616271 -0.00305121 0.17844108 0.99998212 -0.00527936 0.00047034 -0.00278043
0.56613302 -0.00267587 0.17835213 0.99998140 -0.00547898 0.00072354 -0.00257455
0.56610388 -0.00229702 0.17826512 0.99998063 -0.00567806 0.00097406 -0.00237176
0.56607533 -0.00191472 0.17817876 0.99997967 -0.00587565 0.00122261 -0.00216995
0.56604922 -0.00153397 0.17809613 0.99997860 -0.00606829 0.00146383 -0.00197132
0.56602472 -0.00115540 0.17801464 0.99997747 -0.00625855 0.00170118 -0.00177452
0.56599724 -0.00078790 0.17793505 0.99997616 -0.00644302 0.00193316 -0.00158921
0.56597233 -0.00042758 0.17785856 0.99997479 -0.00662214 0.00215656 -0.00140626
0.56594980 -0.00007576 0.17778444 0.99997342 -0.00679559 0.00237173 -0.00122695
0.56592572 0.00025924 0.17771369 0.99997193 -0.00696337 0.00257939 -0.00105890
0.56590605 0.00058200 0.17764831 0.99997044 -0.00712121 0.00277406 -0.00089373
0.56588548 0.00088432 0.17758524 0.99996889 -0.00727218 0.00296086 -0.00073976
0.56586587 0.00116972 0.17752506 0.99996746 -0.00741482 0.00313789 -0.00059356
0.56584942 0.00143518 0.17747001 0.99996603 -0.00754935 0.00330251 -0.00045224
0.56583321 0.00167716 0.17741843 0.99996459 -0.00767273 0.00345403 -0.00032393
0.56581795 0.00189659 0.17737059 0.99996316 -0.00778729 0.00359511 -0.00020419
0.56580508 0.00209094 0.17732765 0.99996191 -0.00789142 0.00372285 -0.00009203
0.56579316 0.00226046 0.17728630 0.99996078 -0.00798488 0.00383955 0.00001002
0.56578285 0.00240467 0.17724931 0.99995971 -0.00807047 0.00394475 0.00010476
0.56577480 0.00251920 0.17721845 0.99995875 -0.00814098 0.00403237 0.00018601
0.56576765 0.00260295 0.17719287 0.99995792 -0.00820351 0.00410742 0.00025646
0.56576216 0.00266026 0.17717044 0.99995714 -0.00825578 0.00417048 0.00031864
0.56575918 0.00268782 0.17715281 0.99995667 -0.00829399 0.00421864 0.00037101
0.56575769 0.00268415 0.17714044 0.99995619 -0.00832397 0.00425333 0.00041241
0.56575722 0.00265270 0.17713012 0.99995595 -0.00834286 0.00427717 0.00044431
0.56575978 0.00259065 0.17712635 0.99995583 -0.00835109 0.00428528 0.00046773
0.56576359 0.00249877 0.17712538 0.99995589 -0.00834930 0.00428182 0.00048129
0.56576824 0.00237647 0.17712921 0.99995607 -0.00833803 0.00426489 0.00048422
0.56577522 0.00222556 0.17713703 0.99995637 -0.00831676 0.00423557 0.00048021
0.56578386 0.00204618 0.17714846 0.99995679 -0.00828671 0.00419396 0.00046826
0.56579477 0.00184010 0.17716461 0.99995732 -0.00824940 0.00414211 0.00045009
0.56580555 0.00160496 0.17718276 0.99995804 -0.00820106 0.00407857 0.00042013
0.56581855 0.00134404 0.17720473 0.99995875 -0.00814664 0.00400466 0.00038575
0.56583434 0.00106018 0.17723095 0.99995965 -0.00808597 0.00392061 0.00034695
0.56584793 0.00074655 0.17725851 0.99996048 -0.00801867 0.00382972 0.00029592
0.56586534 0.00041394 0.17728914 0.99996150 -0.00794655 0.00373143 0.00024473
0.56588072 0.00005683 0.17732102 0.99996251 -0.00786805 0.00362498 0.00018348
0.56590080 -0.00031632 0.17735735 0.99996352 -0.00778532 0.00350934 0.00012357
0.56591982 -0.00071039 0.17739508 0.99996459 -0.00770092 0.00338912 0.00006065
0.56593877 -0.00112110 0.17743309 0.99996567 -0.00761187 0.00326490 -0.00000703
0.56596047 -0.00154533 0.17747355 0.99996686 -0.00752050 0.00313503 -0.00007472
0.56598353 -0.00198224 0.17751610 0.99996793 -0.00742882 0.00300187 -0.00014168
0.56600201 -0.00243813 0.17755762 0.99996901 -0.00733584 0.00286746 -0.00021683
0.56602079 -0.00290188 0.17759895 0.99997008 -0.00724369 0.00273293 -0.00029050
0.56604010 -0.00337248 0.17764069 0.99997103 -0.00715077 0.00259680 -0.00036319
0.56605983 -0.00384994 0.17768356 0.99997199 -0.00705940 0.00246024 -0.00043430
0.56607842 -0.00433177 0.17772445 0.99997294 -0.00697011 0.00232649 -0.00050521
0.56609619 -0.00481678 0.17776564 0.99997377 -0.00688273 0.00219423 -0.00057438
0.56611806 -0.00529551 0.17780635 0.99997467 -0.00679654 0.00206286 -0.00063535
0.56613994 -0.00577292 0.17784780 0.99997532 -0.00671530 0.00193435 -0.00069299
0.56615895 -0.00624787 0.17788535 0.99997610 -0.00663662 0.00181180 -0.00074888
0.56617576 -0.00672032 0.17792191 0.99997675 -0.00656259 0.00169426 -0.00080286
0.56619185 -0.00718577 0.17795715 0.99997729 -0.00649416 0.00158244 -0.00085526
0.56620860 -0.00763739 0.17798974 0.99997783 -0.00642913 0.00147694 -0.00089839
0.56622130 -0.00808263 0.17801796 0.99997830 -0.00637048 0.00138098 -0.00093995
0.56623530 -0.00851077 0.17804432 0.99997878 -0.00631773 0.00129193 -0.00097485
0.56624627 -0.00892628 0.17806767 0.99997914 -0.00627100 0.00121182 -0.00100510
0.56625783 -0.00932504 0.17808922 0.99997950 -0.00622869 0.00113839 -0.00102948
0.56626624 -0.00970850 0.17810887 0.99997973 -0.00619400 0.00107449 -0.00105293
0.56627536 -0.01007015 0.17812620 0.99997991 -0.00616604 0.00101882 -0.00106856
0.56628066 -0.01041457 0.17813882 0.99998015 -0.00614387 0.00097436 -0.00107996
0.56628573 -0.01073357 0.17814779 0.99998021 -0.00613010 0.00094110 -0.00108525
0.56628960 -0.01102907 0.17815465 0.99998027 -0.00612152 0.00091606 -0.00108322
0.56629145 -0.01130202 0.17815718 0.99998027 -0.00612050 0.00090224 -0.00107746
0.56629241 -0.01154726 0.17815623 0.99998027 -0.00612611 0.00089937 -0.00106651
0.56629121 -0.01176689 0.17815188 0.99998027 -0.00613910 0.00090784 -0.00105048
0.56628895 -0.01195987 0.17814419 0.99998015 -0.00615984 0.00092655 -0.00102729
0.56628531 -0.01212275 0.17813206 0.99997997 -0.00618678 0.00095719 -0.00099996
0.56627989 -0.01225765 0.17811704 0.99997973 -0.00622058 0.00099766 -0.00096851
0.56627285 -0.01236469 0.17809862 0.99997950 -0.00626147 0.00104868 -0.00093007
0.56626523 -0.01244048 0.17807665 0.99997914 -0.00631005 0.00111115 -0.00088818
0.56625640 -0.01248520 0.17805129 0.99997866 -0.00636578 0.00118381 -0.00084005
0.56624633 -0.01250028 0.17802206 0.99997824 -0.00642675 0.00126666 -0.00078669
0.56623429 -0.01248528 0.17798945 0.99997771 -0.00649655 0.00136060 -0.00072932
0.56622261 -0.01243786 0.17795449 0.99997717 -0.00657123 0.00146264 -0.00066625
0.56620902 -0.01236248 0.17791590 0.99997652 -0.00665343 0.00157517 -0.00059868
0.56619358 -0.01225774 0.17787455 0.99997574 -0.00674218 0.00169677 -0.00053015
0.56617844 -0.01212208 0.17783077 0.99997491 -0.00683761 0.00182766 -0.00045347
0.56616366 -0.01195663 0.17778441 0.99997389 -0.00693875 0.00196606 -0.00037202
0.56614631 -0.01176408 0.17773452 0.99997294 -0.00704634 0.00211394 -0.00028867
0.56612802 -0.01154457 0.17768189 0.99997187 -0.00715917 0.00226963 -0.00020189
0.56611079 -0.01129568 0.17762746 0.99997061 -0.00727725 0.00243181 -0.00010836
0.56609154 -0.01102386 0.17757097 0.99996924 -0.00740266 0.00260192 -0.00001333
0.56607163 -0.01072599 0.17751212 0.99996781 -0.00753206 0.00277847 0.00008467
0.56605089 -0.01040524 0.17745100 0.99996626 -0.00766546 0.00296110 0.00018598
0.56602889 -0.01006304 0.17738777 0.99996459 -0.00780547 0.00315052 0.00029017
0.56600899 -0.00969737 0.17732413 0.99996281 -0.00794810 0.00334328 0.00039926
