0.56649727 -0.00631612 0.17907260 0.99998468 -0.00502318 -0.00161123 -0.00166683
0.56647891 -0.00634754 0.17906484 0.99998450 -0.00513029 -0.00149524 -0.00159180
0.56644899 -0.00629488 0.17900112 0.99998420 -0.00527358 -0.00132501 -0.00144740
0.56642169 -0.00620706 0.17893177 0.99998391 -0.00541997 -0.00114763 -0.00128651
0.56639361 -0.00609990 0.17886025 0.99998343 -0.00556719 -0.00096524 -0.00112184
0.56636709 -0.00597790 0.17878938 0.99998295 -0.00571495 -0.00078166 -0.00095675
0.56634355 -0.00583890 0.17871971 0.99998236 -0.00586390 -0.00059712 -0.00078642
0.56631851 -0.00569015 0.17864926 0.99998170 -0.00601280 -0.00041062 -0.00061983
0.56629294 -0.00553299 0.17857909 0.99998093 -0.00616306 -0.00022268 -0.00045348
0.56626713 -0.00536856 0.17850943 0.99998009 -0.00631285 -0.00003529 -0.00028943
0.56624323 -0.00519498 0.17844018 0.99997920 -0.00646204 0.00015265 -0.00012369
0.56622392 -0.00501151 0.17837447 0.99997818 -0.00660789 0.00033462 0.00004073
0.56620526 -0.00482196 0.17830911 0.99997705 -0.00675297 0.00051647 0.00020595
0.56618607 -0.00463339 0.17824532 0.99997592 -0.00689626 0.00069612 0.00036667
0.56616312 -0.00444872 0.17817989 0.99997473 -0.00703949 0.00087577 0.00051927
0.56614023 -0.00426427 0.17811638 0.99997348 -0.00717974 0.00105250 0.00066778
0.56611842 -0.00407835 0.17805320 0.99997216 -0.00731868 0.00122690 0.00081511
0.56609899 -0.00389418 0.17799376 0.99997079 -0.00745380 0.00139529 0.00096072
0.56608146 -0.00371274 0.17793632 0.99996942 -0.00758410 0.00155848 0.00110202
0.56606543 -0.00353239 0.17787975 0.99996799 -0.00771171 0.00171798 0.00124164
0.56605119 -0.00335674 0.17782672 0.99996662 -0.00783724 0.00187248 0.00137876
0.56603342 -0.00319381 0.17777428 0.99996519 -0.00795525 0.00202143 0.00150436
0.56601852 -0.00303562 0.17772417 0.99996376 -0.00807166 0.00216508 0.00162873
0.56600565 -0.00288151 0.17767568 0.99996233 -0.00818288 0.00230342 0.00175096
0.56599063 -0.00273810 0.17762703 0.99996096 -0.00829059 0.00243872 0.00186594
0.56597739 -0.00260502 0.17758217 0.99995959 -0.00839365 0.00256616 0.00197790
0.56596732 -0.00248068 0.17754138 0.99995822 -0.00849098 0.00268525 0.00208493
0.56595457 -0.00237192 0.17750196 0.99995691 -0.00858396 0.00279945 0.00218273
0.56594437 -0.00227070 0.17746559 0.99995565 -0.00867158 0.00290626 0.00227732
0.56593686 -0.00218038 0.17743221 0.99995434 -0.00875521 0.00300550 0.00237005
0.56592703 -0.00210649 0.17739928 0.99995327 -0.00883216 0.00309944 0.00245230
0.56592083 -0.00204103 0.17736970 0.99995214 -0.00890481 0.00318629 0.00253440
0.56591249 -0.00199143 0.17734073 0.99995100 -0.00897217 0.00326830 0.00260727
0.56590611 -0.00195245 0.17731285 0.99995005 -0.00903487 0.00334412 0.00267908
0.56590021 -0.00192833 0.17728712 0.99994916 -0.00909203 0.00341254 0.00274414
0.56589437 -0.00191874 0.17726359 0.99994826 -0.00914353 0.00347561 0.00280302
0.56589210 -0.00191852 0.17724392 0.99994743 -0.00919181 0.00353092 0.00286215
0.56588739 -0.00193782 0.17722592 0.99994683 -0.00923228 0.00357831 0.00290844
0.56588668 -0.00196803 0.17721206 0.99994612 -0.00926906 0.00361854 0.00295471
0.56588483 -0.00201383 0.17719957 0.99994558 -0.00930285 0.00365371 0.00299462
0.56588322 -0.00207116 0.17718682 0.99994510 -0.00933027 0.00368482 0.00303118
0.56588501 -0.00213896 0.17717740 0.99994469 -0.00935358 0.00370866 0.00306752
0.56588382 -0.00222566 0.17716947 0.99994439 -0.00937289 0.00372678 0.00309263
0.56588614 -0.00232243 0.17716515 0.99994415 -0.00938732 0.00373787 0.00311615
0.56588960 -0.00242760 0.17716074 0.99994391 -0.00939894 0.00374597 0.00313998
0.56589025 -0.00254966 0.17715666 0.99994379 -0.00940758 0.00375062 0.00315649
0.56589365 -0.00268156 0.17715594 0.99994373 -0.00941193 0.00374860 0.00316958
0.56589997 -0.00282160 0.17715845 0.99994367 -0.00941396 0.00374097 0.00318391
0.56590134 -0.00297672 0.17715815 0.99994373 -0.00941205 0.00373274 0.00318964
0.56590492 -0.00313944 0.17715995 0.99994379 -0.00940889 0.00372034 0.00319520
0.56591034 -0.00330960 0.17716426 0.99994391 -0.00940198 0.00370353 0.00319850
0.56591803 -0.00348625 0.17717075 0.99994403 -0.00939310 0.00368232 0.00320189
0.56592256 -0.00367257 0.17717424 0.99994415 -0.00938302 0.00366312 0.00320191
0.56592584 -0.00386804 0.17717905 0.99994439 -0.00937140 0.00364059 0.00319804
0.56593031 -0.00406896 0.17718576 0.99994457 -0.00935942 0.00361556 0.00319312
0.56593627 -0.00427406 0.17719410 0.99994481 -0.00934601 0.00358754 0.00318887
0.56594199 -0.00448279 0.17720030 0.99994504 -0.00933063 0.00356084 0.00318364
0.56594908 -0.00469096 0.17720772 0.99994534 -0.00931573 0.00353128 0.00318277
0.56595641 -0.00490260 0.17721596 0.99994564 -0.00930047 0.00350124 0.00318023
0.56596363 -0.00511779 0.17722461 0.99994582 -0.00928497 0.00347155 0.00317538
0.56597084 -0.00533405 0.17723387 0.99994612 -0.00926977 0.00344163 0.00317038
0.56597799 -0.00555057 0.17724320 0.99994642 -0.00925583 0.00341231 0.00316568
0.56598467 -0.00576360 0.17725119 0.99994659 -0.00924248 0.00338441 0.00316444
0.56599033 -0.00597463 0.17725690 0.99994677 -0.00923038 0.00335926 0.00316514
0.56599355 -0.00618747 0.17726016 0.99994695 -0.00921887 0.00333923 0.00315966
0.56599689 -0.00639554 0.17726448 0.99994713 -0.00921154 0.00331920 0.00315846
0.56599808 -0.00660152 0.17726715 0.99994725 -0.00920510 0.00330359 0.00315458
0.56600487 -0.00679439 0.17727171 0.99994731 -0.00919855 0.00328559 0.00316100
0.56601083 -0.00698361 0.17727518 0.99994737 -0.00919479 0.00327188 0.00316676
0.56601489 -0.00716828 0.17727838 0.99994743 -0.00919336 0.00326115 0.00317106
0.56601709 -0.00734642 0.17727992 0.99994737 -0.00919479 0.00325447 0.00317613
0.56601739 -0.00751824 0.17727947 0.99994737 -0.00919932 0.00325221 0.00318226
0.56601816 -0.00768119 0.17727748 0.99994725 -0.00920594 0.00325388 0.00319047
0.56602043 -0.00782957 0.17727378 0.99994707 -0.00921553 0.00325948 0.00320504
0.56602049 -0.00796898 0.17726868 0.99994689 -0.00922906 0.00326973 0.00322125
0.56601870 -0.00810139 0.17726350 0.99994671 -0.00924414 0.00328296 0.00323652
0.56602097 -0.00821739 0.17725788 0.99994642 -0.00926143 0.00329798 0.00325918
0.56601930 -0.00832348 0.17724735 0.99994606 -0.00928313 0.00332326 0.00328084
0.56601572 -0.00842006 0.17723735 0.99994570 -0.00930828 0.00335127 0.00330218
0.56601286 -0.00850168 0.17722565 0.99994516 -0.00933623 0.00338322 0.00332856
0.56601065 -0.00856917 0.17721167 0.99994469 -0.00936663 0.00342006 0.00335971
0.56600583 -0.00862715 0.17719729 0.99994409 -0.00940198 0.00346190 0.00338909
0.56600034 -0.00867015 0.17717969 0.99994349 -0.00944030 0.00350970 0.00342081
0.56599647 -0.00869737 0.17716256 0.99994278 -0.00948060 0.00355947 0.00345662
0.56598973 -0.00871539 0.17714296 0.99994206 -0.00952578 0.00361663 0.00349462
0.56598240 -0.00871819 0.17712124 0.99994117 -0.00957322 0.00367802 0.00353170
0.56597668 -0.00870440 0.17709926 0.99994034 -0.00962400 0.00374264 0.00357479
0.56596804 -0.00867953 0.17707482 0.99993938 -0.00967783 0.00381285 0.00361822
0.56595987 -0.00864222 0.17705002 0.99993843 -0.00973356 0.00388604 0.00366227
0.56595272 -0.00858717 0.17702377 0.99993730 -0.00979382 0.00396365 0.00371274
0.56594265 -0.00852258 0.17699583 0.99993622 -0.00985724 0.00404632 0.00376145
0.56593299 -0.00844237 0.17696638 0.99993497 -0.00992274 0.00413245 0.00381350
0.56592488 -0.00834755 0.17693686 0.99993378 -0.00998932 0.00422078 0.00386942
0.56591427 -0.00824326 0.17690529 0.99993241 -0.01006162 0.00431460 0.00392537
0.56590104 -0.00812995 0.17687228 0.99993098 -0.01013601 0.00441271 0.00397990
0.56589222 -0.00799843 0.17683920 0.99992955 -0.01021087 0.00451177 0.00404153
0.56588197 -0.00785742 0.17680545 0.99992806 -0.01028848 0.00461334 0.00410279
0.56586915 -0.00770800 0.17676991 0.99992645 -0.01036888 0.00471961 0.00416401
0.56585491 -0.00755243 0.17673381 0.99992484 -0.01045108 0.00482792 0.00422255
0.56584531 -0.00737885 0.17669803 0.99992311 -0.01053476 0.00493640 0.00429012
