0.56720585 -0.00443293 0.17890209 0.99996871 0.00062126 -0.00236958 -0.00753384
0.56718200 -0.00444875 0.17888942 0.99996960 0.00050092 -0.00224137 -0.00746280
0.56714487 -0.00435822 0.17881688 0.99997109 0.00033742 -0.00204736 -0.00731742
0.56710923 -0.00421254 0.17873594 0.99997276 0.00016516 -0.00183743 -0.00714883
0.56707501 -0.00402543 0.17865209 0.99997449 -0.00001180 -0.00161767 -0.00696909
0.56704187 -0.00380369 0.17856628 0.99997610 -0.00019467 -0.00138944 -0.00678076
0.56700838 -0.00355375 0.17847870 0.99997765 -0.00038266 -0.00115377 -0.00658785
0.56697530 -0.00327800 0.17838986 0.99997902 -0.00057429 -0.00091177 -0.00639100
0.56694233 -0.00297983 0.17830011 0.99998033 -0.00076950 -0.00066566 -0.00619091
0.56691086 -0.00266107 0.17821032 0.99998152 -0.00096649 -0.00041699 -0.00598657
0.56687748 -0.00233005 0.17811936 0.99998260 -0.00116569 -0.00016499 -0.00578473
0.56684625 -0.00198407 0.17802945 0.99998355 -0.00136441 0.00008625 -0.00558001
0.56681794 -0.00162537 0.17794117 0.99998426 -0.00156349 0.00033671 -0.00537394
0.56679004 -0.00126013 0.17785431 0.99998498 -0.00176072 0.00058442 -0.00516895
0.56676257 -0.00089085 0.17776811 0.99998546 -0.00195724 0.00083065 -0.00496573
0.56673604 -0.00051926 0.17768386 0.99998581 -0.00215042 0.00107247 -0.00476611
0.56670916 -0.00015068 0.17760038 0.99998599 -0.00234056 0.00131124 -0.00456993
0.56667948 0.00020887 0.17751810 0.99998605 -0.00252825 0.00154638 -0.00438361
0.56665206 0.00056603 0.17743744 0.99998593 -0.00271100 0.00177592 -0.00419901
0.56662869 0.00091736 0.17736223 0.99998575 -0.00288779 0.00199467 -0.00401719
0.56660306 0.00125539 0.17728819 0.99998546 -0.00305974 0.00220919 -0.00384437
0.56658000 0.00158269 0.17721722 0.99998516 -0.00322372 0.00241357 -0.00367681
0.56655651 0.00189503 0.17714770 0.99998474 -0.00338250 0.00261199 -0.00351620
0.56653583 0.00219355 0.17708260 0.99998426 -0.00353229 0.00279832 -0.00336164
0.56651604 0.00247110 0.17702283 0.99998367 -0.00367576 0.00297302 -0.00321580
0.56649882 0.00273124 0.17696786 0.99998313 -0.00381029 0.00313658 -0.00307738
0.56648237 0.00296991 0.17691556 0.99998254 -0.00393361 0.00328881 -0.00294826
0.56646603 0.00318527 0.17686662 0.99998194 -0.00405014 0.00343126 -0.00282891
0.56645155 0.00337948 0.17682025 0.99998140 -0.00415522 0.00356227 -0.00271657
0.56643945 0.00354921 0.17677867 0.99998081 -0.00425154 0.00368035 -0.00261251
0.56642842 0.00369337 0.17674151 0.99998033 -0.00433731 0.00378573 -0.00251991
0.56641895 0.00380893 0.17670986 0.99997979 -0.00441283 0.00387734 -0.00243710
0.56641132 0.00389743 0.17668341 0.99997938 -0.00447804 0.00395548 -0.00236513
0.56640530 0.00396050 0.17665899 0.99997902 -0.00453293 0.00402248 -0.00230028
0.56640142 0.00399485 0.17664000 0.99997872 -0.00457686 0.00407547 -0.00224532
0.56639946 0.00400154 0.17662594 0.99997854 -0.00461239 0.00411612 -0.00219856
0.56639880 0.00397966 0.17661452 0.99997842 -0.00463402 0.00414318 -0.00216336
0.56639910 0.00392674 0.17660877 0.99997830 -0.00464833 0.00415808 -0.00213804
0.56640154 0.00384793 0.17660576 0.99997836 -0.00465208 0.00416082 -0.00211995
0.56640571 0.00373921 0.17660783 0.99997842 -0.00464702 0.00415128 -0.00211139
0.56641197 0.00360501 0.17661272 0.99997854 -0.00463325 0.00413150 -0.00210808
0.56641954 0.00344158 0.17662250 0.99997878 -0.00460768 0.00409633 -0.00211631
0.56642812 0.00325100 0.17663512 0.99997902 -0.00457680 0.00405306 -0.00213198
0.56643939 0.00303658 0.17665131 0.99997950 -0.00453657 0.00399864 -0.00215221
0.56645113 0.00279412 0.17667107 0.99997979 -0.00448924 0.00393420 -0.00218208
0.56646425 0.00252896 0.17669381 0.99998027 -0.00443470 0.00385994 -0.00221538
0.56647998 0.00224166 0.17671955 0.99998081 -0.00437367 0.00377643 -0.00225440
0.56649351 0.00192768 0.17674719 0.99998128 -0.00430781 0.00368661 -0.00230193
0.56651151 0.00159680 0.17677894 0.99998188 -0.00423658 0.00358707 -0.00235037
0.56652862 0.00124448 0.17681134 0.99998242 -0.00416231 0.00348228 -0.00240356
0.56654638 0.00087364 0.17684524 0.99998295 -0.00408250 0.00337255 -0.00246217
0.56656748 0.00048873 0.17688289 0.99998355 -0.00400156 0.00325638 -0.00251827
0.56658423 0.00008228 0.17691958 0.99998415 -0.00391567 0.00313663 -0.00258580
0.56660300 -0.00033677 0.17695773 0.99998462 -0.00383049 0.00301391 -0.00265242
0.56662357 -0.00076477 0.17699805 0.99998522 -0.00374264 0.00288713 -0.00271721
0.56664521 -0.00120229 0.17703924 0.99998569 -0.00365490 0.00275850 -0.00278162
0.56666738 -0.00164597 0.17708007 0.99998617 -0.00356501 0.00262827 -0.00284479
0.56668997 -0.00209745 0.17712200 0.99998665 -0.00347751 0.00249797 -0.00290718
0.56671238 -0.00255399 0.17716329 0.99998707 -0.00339156 0.00236827 -0.00296861
0.56673396 -0.00301286 0.17720346 0.99998748 -0.00330728 0.00224090 -0.00302760
0.56675440 -0.00347557 0.17724332 0.99998778 -0.00322396 0.00211471 -0.00308752
0.56677306 -0.00393827 0.17728125 0.99998820 -0.00314558 0.00199383 -0.00314506
0.56678998 -0.00439968 0.17731757 0.99998850 -0.00306880 0.00187582 -0.00320051
0.56680465 -0.00486109 0.17735310 0.99998868 -0.00299907 0.00176340 -0.00325609
0.56682205 -0.00530834 0.17738643 0.99998891 -0.00293130 0.00165528 -0.00330172
0.56683737 -0.00575150 0.17741731 0.99998915 -0.00286752 0.00155395 -0.00334652
0.56684893 -0.00618788 0.17744574 0.99998921 -0.00280905 0.00145954 -0.00339088
0.56686378 -0.00660828 0.17747435 0.99998945 -0.00275511 0.00136930 -0.00342477
0.56687498 -0.00701928 0.17749947 0.99998951 -0.00270838 0.00128788 -0.00345863
0.56688476 -0.00741532 0.17752166 0.99998969 -0.00266635 0.00121516 -0.00348710
0.56689411 -0.00779455 0.17754143 0.99998975 -0.00263053 0.00114995 -0.00350882
0.56690085 -0.00815647 0.17755635 0.99998987 -0.00260115 0.00109589 -0.00352822
0.56690681 -0.00849907 0.17756855 0.99998993 -0.00257766 0.00105041 -0.00354031
0.56691271 -0.00882101 0.17758021 0.99998999 -0.00256020 0.00101179 -0.00354724
0.56691492 -0.00912276 0.17758633 0.99998999 -0.00255024 0.00098616 -0.00355035
0.56691849 -0.00939942 0.17759049 0.99999005 -0.00254512 0.00096768 -0.00354647
0.56691891 -0.00965378 0.17759050 0.99999005 -0.00254786 0.00096077 -0.00353950
0.56691927 -0.00988252 0.17758872 0.99999005 -0.00255626 0.00096184 -0.00352382
0.56691867 -0.01008468 0.17758308 0.99999017 -0.00257212 0.00097352 -0.00350389
0.56691539 -0.01026181 0.17757338 0.99999011 -0.00259519 0.00099713 -0.00347966
0.56691110 -0.01041220 0.17756076 0.99999011 -0.00262487 0.00103027 -0.00345109
0.56690592 -0.01053311 0.17754421 0.99999005 -0.00266069 0.00107437 -0.00341667
0.56689876 -0.01062782 0.17752466 0.99999005 -0.00270438 0.00112844 -0.00337872
0.56689018 -0.01069390 0.17750178 0.99998999 -0.00275427 0.00119275 -0.00333586
0.56688172 -0.01072887 0.17747556 0.99998987 -0.00280970 0.00126660 -0.00328620
0.56687105 -0.01073688 0.17744578 0.99998975 -0.00287366 0.00135034 -0.00323321
0.56685829 -0.01071685 0.17741242 0.99998957 -0.00294292 0.00144440 -0.00317760
0.56684625 -0.01066546 0.17737672 0.99998939 -0.00301814 0.00154692 -0.00311443
0.56683183 -0.01058785 0.17733771 0.99998915 -0.00310063 0.00165927 -0.00304984
0.56681621 -0.01048164 0.17729595 0.99998891 -0.00318867 0.00177968 -0.00298153
0.56680149 -0.01034599 0.17725231 0.99998862 -0.00328380 0.00190848 -0.00290617
0.56678492 -0.01018372 0.17720582 0.99998820 -0.00338340 0.00204521 -0.00282976
0.56676680 -0.00999543 0.17715649 0.99998772 -0.00348926 0.00218958 -0.00274955
0.56674993 -0.00977819 0.17710568 0.99998730 -0.00360149 0.00234157 -0.00266188
0.56673080 -0.00953868 0.17705177 0.99998665 -0.00371820 0.00250119 -0.00257501
0.56671101 -0.00927430 0.17699592 0.99998599 -0.00384051 0.00266689 -0.00248369
0.56669289 -0.00898201 0.17693864 0.99998528 -0.00396651 0.00283784 -0.00238462
0.56667060 -0.00867329 0.17687792 0.99998444 -0.00409824 0.00301701 -0.00228785
0.56665099 -0.00833944 0.17681676 0.99998355 -0.00423425 0.00319928 -0.00218614
0.56662798 -0.00799022 0.17675386 0.99998254 -0.00437433 0.00338727 -0.00208437
