0.56796497 -0.00696146 0.17983159 0.99991530 -0.00410122 -0.00196785 0.01219449
0.56868768 -0.00703631 0.17979774 0.99991649 -0.00408590 -0.00188953 0.01212071
0.57009757 -0.00704245 0.17978695 0.99991757 -0.00403130 -0.00189823 0.01204567
0.57216567 -0.00700993 0.17985161 0.99991906 -0.00390917 -0.00203669 0.01193792
0.57469434 -0.00693179 0.17999899 0.99992037 -0.00375611 -0.00229275 0.01183424
0.57751471 -0.00680999 0.18017790 0.99992144 -0.00357914 -0.00259578 0.01173075
0.58059359 -0.00664969 0.18037052 0.99992251 -0.00338131 -0.00292587 0.01162376
0.58384287 -0.00644804 0.18058491 0.99992299 -0.00318360 -0.00328410 0.01154295
0.58691627 -0.00620598 0.18079767 0.99992257 -0.00301629 -0.00362366 0.01151925
0.58975428 -0.00593904 0.18095832 0.99992192 -0.00288051 -0.00388539 0.01152217
0.59237295 -0.00564942 0.18106954 0.99992126 -0.00277138 -0.00407696 0.01154296
0.59454465 -0.00532452 0.18116120 0.99991965 -0.00273496 -0.00421143 0.01163940
0.59609175 -0.00496797 0.18118191 0.99991786 -0.00277472 -0.00421584 0.01178514
0.59705293 -0.00457633 0.18112659 0.99991590 -0.00288922 -0.00408608 0.01196741
0.59743595 -0.00413794 0.18102056 0.99991345 -0.00309110 -0.00384533 0.01220319
0.59707862 -0.00363296 0.18087462 0.99990994 -0.00340569 -0.00348014 0.01250652
0.59600425 -0.00304858 0.18067817 0.99990547 -0.00383019 -0.00297475 0.01286999
0.59427369 -0.00237566 0.18044630 0.99989939 -0.00436264 -0.00234342 0.01329947
0.59193122 -0.00159903 0.18020055 0.99989104 -0.00500798 -0.00160599 0.01379542
0.58903730 -0.00072939 0.17999074 0.99988210 -0.00562680 -0.00089180 0.01426547
0.58563536 0.00024263 0.17980900 0.99987286 -0.00620353 -0.00023681 0.01469383
0.58179897 0.00131973 0.17963573 0.99986351 -0.00674254 0.00038260 0.01508491
0.57774025 0.00249463 0.17945288 0.99985397 -0.00724661 0.00098413 0.01544933
0.57351220 0.00375653 0.17928745 0.99984431 -0.00771522 0.00153887 0.01579287
0.56912905 0.00509562 0.17914240 0.99983490 -0.00815302 0.00204653 0.01611557
0.56482768 0.00648978 0.17895252 0.99982512 -0.00856304 0.00257927 0.01642363
0.56079948 0.00790389 0.17876174 0.99981540 -0.00894547 0.00308448 0.01671988
0.55703485 0.00932608 0.17859039 0.99980605 -0.00930083 0.00354362 0.01699358
0.55357993 0.01075414 0.17841280 0.99979699 -0.00963181 0.00398862 0.01724474
0.55073303 0.01216949 0.17820126 0.99978793 -0.00994229 0.00444585 0.01747819
0.54851204 0.01357009 0.17800727 0.99977952 -0.01022565 0.00485951 0.01768530
0.54687119 0.01496995 0.17783390 0.99977177 -0.01048404 0.00522953 0.01786502
0.54592174 0.01638522 0.17763793 0.99976450 -0.01072532 0.00560635 0.01801305
0.54574984 0.01783459 0.17744777 0.99975795 -0.01094568 0.00595409 0.01813672
0.54630512 0.01933699 0.17727318 0.99975193 -0.01114279 0.00626361 0.01824125
0.54753822 0.02090780 0.17711022 0.99974656 -0.01132160 0.00654012 0.01832721
0.54942560 0.02256538 0.17695352 0.99974173 -0.01148695 0.00679201 0.01839515
0.55192578 0.02432300 0.17680585 0.99973744 -0.01163781 0.00701404 0.01845350
0.55499345 0.02618359 0.17666583 0.99973327 -0.01177943 0.00721151 0.01851081
0.55846393 0.02814315 0.17656732 0.99972975 -0.01190472 0.00734425 0.01856770
0.56219578 0.03019610 0.17648570 0.99972659 -0.01202351 0.00744814 0.01862236
0.56616205 0.03233726 0.17641005 0.99972355 -0.01213717 0.00753415 0.01867427
0.57028228 0.03455873 0.17636353 0.99972087 -0.01224488 0.00757682 0.01873305
0.57423681 0.03683599 0.17637312 0.99971879 -0.01233774 0.00755250 0.01879076
0.57797110 0.03916391 0.17638820 0.99971700 -0.01242930 0.00752157 0.01883802
0.58149922 0.04154551 0.17640245 0.99971545 -0.01251799 0.00748897 0.01887677
0.58459610 0.04396616 0.17647967 0.99971449 -0.01259875 0.00738543 0.01891393
0.58708262 0.04642697 0.17657328 0.99971414 -0.01267529 0.00727093 0.01892788
0.58899450 0.04894543 0.17665905 0.99971390 -0.01275259 0.00716829 0.01892573
0.59033239 0.05152899 0.17675422 0.99971390 -0.01283383 0.00705755 0.01891257
0.59091651 0.05418582 0.17688103 0.99971449 -0.01291686 0.00691944 0.01887345
0.59076428 0.05694560 0.17700353 0.99971521 -0.01300853 0.00679201 0.01881893
0.58993447 0.05982502 0.17711815 0.99971575 -0.01311106 0.00667614 0.01875999
0.58845043 0.06283177 0.17723529 0.99971634 -0.01322788 0.00655991 0.01868817
0.58633786 0.06598364 0.17735115 0.99971682 -0.01336145 0.00644737 0.01861043
0.58364481 0.06928605 0.17746314 0.99971688 -0.01351327 0.00633818 0.01853318
0.58044708 0.07273788 0.17755851 0.99971646 -0.01368517 0.00624603 0.01846269
0.57694107 0.07633350 0.17762330 0.99971509 -0.01387566 0.00617856 0.01841345
0.57318062 0.08004136 0.17768458 0.99971342 -0.01408130 0.00610781 0.01837120
0.56918502 0.08384170 0.17774597 0.99971157 -0.01430392 0.00603104 0.01832766
0.56519431 0.08773970 0.17774582 0.99970829 -0.01453680 0.00601059 0.01832910
0.56140012 0.09167653 0.17773107 0.99970466 -0.01476467 0.00599128 0.01835300
0.55779636 0.09561890 0.17772478 0.99970138 -0.01498336 0.00595492 0.01836682
0.55443656 0.09957475 0.17770165 0.99969792 -0.01519328 0.00593156 0.01838589
0.55163187 0.10354810 0.17763439 0.99969393 -0.01537889 0.00594300 0.01844534
0.54940337 0.10750221 0.17758031 0.99969083 -0.01552641 0.00593334 0.01849351
0.54770702 0.11144333 0.17754483 0.99968880 -0.01563913 0.00589985 0.01851874
0.54667050 0.11541833 0.17747781 0.99968684 -0.01572502 0.00589711 0.01855329
0.54639256 0.11943379 0.17741401 0.99968553 -0.01577562 0.00588375 0.01858364
0.54682082 0.12349466 0.17736638 0.99968529 -0.01579094 0.00584859 0.01859246
0.54791129 0.12762038 0.17732964 0.99968594 -0.01578218 0.00579888 0.01858164
0.54966968 0.13184193 0.17729762 0.99968731 -0.01575518 0.00573856 0.01855355
0.55205679 0.13616844 0.17727894 0.99968916 -0.01571369 0.00565863 0.01851148
0.55502570 0.14060603 0.17727405 0.99969161 -0.01566035 0.00555861 0.01845738
0.55843294 0.14513096 0.17731316 0.99969512 -0.01559216 0.00540489 0.01836810
0.56215560 0.14974783 0.17737766 0.99969923 -0.01552141 0.00522298 0.01825413
0.56616479 0.15446454 0.17745800 0.99970376 -0.01544893 0.00502002 0.01812771
0.57038200 0.15925828 0.17757657 0.99970883 -0.01537031 0.00477105 0.01798142
0.57450753 0.16406137 0.17776102 0.99971521 -0.01528227 0.00445598 0.01777901
0.57848579 0.16890477 0.17796108 0.99972194 -0.01520008 0.00412804 0.01755022
0.58232301 0.17380171 0.17816733 0.99972862 -0.01512402 0.00379473 0.01730883
0.58579290 0.17867473 0.17843877 0.99973631 -0.01504844 0.00339586 0.01701114
0.58871132 0.18353276 0.17872626 0.99974453 -0.01498616 0.00299197 0.01665748
0.59110332 0.18842451 0.17899905 0.99975228 -0.01494664 0.00260884 0.01628246
0.59295952 0.19334917 0.17927031 0.99975997 -0.01492935 0.00222725 0.01588031
0.59408152 0.19826795 0.17955452 0.99976796 -0.01494575 0.00183904 0.01540502
0.59447438 0.20324430 0.17980820 0.99977529 -0.01500916 0.00148451 0.01489482
0.59418964 0.20830719 0.18002203 0.99978185 -0.01511949 0.00116581 0.01436380
0.59323269 0.21344697 0.18021026 0.99978769 -0.01528728 0.00086451 0.01378643
0.59161186 0.21867880 0.18036300 0.99979281 -0.01551944 0.00058830 0.01315961
0.58937407 0.22401121 0.18047503 0.99979687 -0.01581818 0.00033683 0.01248763
0.58659142 0.22944744 0.18053897 0.99979979 -0.01618445 0.00011510 0.01176918
0.58343410 0.23500489 0.18055725 0.99980146 -0.01660252 -0.00008529 0.01101947
0.57996351 0.24063095 0.18055941 0.99980229 -0.01706934 -0.00029296 0.01019873
0.57620919 0.24628843 0.18055433 0.99980223 -0.01758337 -0.00051761 0.00927419
0.57238829 0.25204751 0.18050864 0.99980140 -0.01809442 -0.00072229 0.00831774
0.56871396 0.25777635 0.18054426 0.99980074 -0.01860893 -0.00104666 0.00715223
0.56519258 0.26342574 0.18064345 0.99980021 -0.01908112 -0.00145733 0.00577054
0.56187910 0.26901886 0.18079360 0.99979943 -0.01949203 -0.00193268 0.00418887
0.55907643 0.27465820 0.18100452 0.99979877 -0.01974946 -0.00247347 0.00251169
0.55683988 0.28021637 0.18136877 0.99979776 -0.01985538 -0.00316352 0.00058184
0.55514735 0.28556350 0.18192574 0.99979299 -0.01985878 -0.00404596 -0.00179067
