0.56580371 -0.00574846 0.17859955 0.99998045 -0.00292325 -0.00133312 -0.00536583
0.56579149 -0.00561017 0.17858654 0.99998349 -0.00180906 -0.00126708 -0.00530245
0.56577432 -0.00541186 0.17853820 0.99998564 -0.00067633 -0.00116777 -0.00519143
0.56575561 -0.00503552 0.17846251 0.99998575 0.00137723 -0.00107205 -0.00505100
0.56574267 -0.00466076 0.17841306 0.99998134 0.00345927 -0.00099367 -0.00494154
0.56572807 -0.00423072 0.17835352 0.99997163 0.00572145 -0.00090563 -0.00481804
0.56571430 -0.00371804 0.17829964 0.99995333 0.00839847 -0.00082499 -0.00470715
0.56570071 -0.00321390 0.17825365 0.99993026 0.01085627 -0.00073421 -0.00459627
0.56568271 -0.00261393 0.17819342 0.99989665 0.01364779 -0.00062871 -0.00447163
0.56566614 -0.00200445 0.17814259 0.99985802 0.01627481 -0.00051177 -0.00434729
0.56564558 -0.00137122 0.17808498 0.99981511 0.01875889 -0.00037217 -0.00421263
0.56562048 -0.00070165 0.17802130 0.99976808 0.02114719 -0.00020707 -0.00406879
0.56559432 -0.00001099 0.17795426 0.99972034 0.02332389 -0.00001872 -0.00391130
0.56556350 0.00067455 0.17788136 0.99967778 0.02510488 0.00020349 -0.00374404
0.56552696 0.00139621 0.17779467 0.99963737 0.02668905 0.00045919 -0.00355625
0.56548828 0.00211325 0.17770557 0.99960554 0.02787352 0.00074577 -0.00335763
0.56544262 0.00282501 0.17759889 0.99958718 0.02854156 0.00108004 -0.00313284
0.56539369 0.00359678 0.17747690 0.99957097 0.02911234 0.00144535 -0.00288187
0.56534219 0.00428368 0.17735857 0.99958098 0.02876604 0.00185364 -0.00262995
0.56527716 0.00504225 0.17720397 0.99959600 0.02823412 0.00230932 -0.00232733
0.56520700 0.00578968 0.17706385 0.99962187 0.02728212 0.00278413 -0.00202962
0.56513381 0.00649669 0.17691702 0.99966556 0.02559561 0.00327462 -0.00172156
0.56506169 0.00729816 0.17676443 0.99970329 0.02402830 0.00374299 -0.00141669
0.56500381 0.00797385 0.17666346 0.99976003 0.02147746 0.00414318 -0.00119067
0.56494135 0.00874493 0.17653623 0.99981064 0.01889902 0.00454408 -0.00093977
0.56488925 0.00952154 0.17644107 0.99985874 0.01606369 0.00489724 -0.00073625
0.56483936 0.01027452 0.17635013 0.99990702 0.01258552 0.00523013 -0.00054052
0.56478924 0.01115174 0.17624967 0.99994069 0.00936323 0.00555378 -0.00033531
0.56477183 0.01193381 0.17618319 0.99996841 0.00536025 0.00587708 -0.00019633
0.56475961 0.01282097 0.17610481 0.99997979 0.00146943 0.00619119 -0.00003861
0.56475633 0.01375404 0.17605352 0.99997604 -0.00247121 0.00647098 0.00008768
0.56475633 0.01471417 0.17601041 0.99995482 -0.00671077 0.00673562 0.00020694
0.56475800 0.01580170 0.17596547 0.99991906 -0.01063639 0.00698328 0.00033255
0.56476969 0.01690861 0.17595175 0.99986458 -0.01479053 0.00720030 0.00042287
0.56478298 0.01813526 0.17593279 0.99979746 -0.01870954 0.00740331 0.00052372
0.56480026 0.01945891 0.17592445 0.99971986 -0.02241415 0.00758284 0.00061250
0.56482172 0.02087617 0.17592394 0.99963278 -0.02596337 0.00774139 0.00069157
0.56485039 0.02240886 0.17592950 0.99954098 -0.02924287 0.00787657 0.00076889
0.56488132 0.02407910 0.17593299 0.99945271 -0.03208929 0.00799054 0.00084292
0.56491882 0.02585258 0.17594732 0.99936491 -0.03469324 0.00808030 0.00090324
0.56495768 0.02776684 0.17595267 0.99928653 -0.03686434 0.00815278 0.00097065
0.56500232 0.02983099 0.17596087 0.99922442 -0.03850126 0.00819886 0.00102401
0.56505346 0.03197670 0.17598079 0.99916494 -0.04000843 0.00822407 0.00106321
0.56510282 0.03435738 0.17596507 0.99914175 -0.04058194 0.00823301 0.00113131
0.56516165 0.03681348 0.17597479 0.99912530 -0.04098713 0.00821573 0.00116430
0.56521988 0.03942404 0.17596233 0.99912810 -0.04092151 0.00818694 0.00121764
0.56528145 0.04221389 0.17594561 0.99916101 -0.04011881 0.00813574 0.00125469
0.56535065 0.04504968 0.17594945 0.99919128 -0.03937256 0.00806856 0.00126948
0.56541246 0.04815171 0.17589946 0.99926174 -0.03755522 0.00799269 0.00133114
0.56548500 0.05130293 0.17588541 0.99933100 -0.03568715 0.00789398 0.00134435
0.56555736 0.05459274 0.17585093 0.99940813 -0.03347933 0.00778979 0.00138427
0.56563067 0.05805169 0.17581221 0.99950075 -0.03061622 0.00767225 0.00140901
0.56571233 0.06153134 0.17579970 0.99957937 -0.02796710 0.00754398 0.00140779
0.56578743 0.06524030 0.17574404 0.99967146 -0.02449620 0.00741214 0.00145346
0.56587154 0.06897850 0.17572331 0.99974930 -0.02113199 0.00726849 0.00145259
0.56595641 0.07281440 0.17569487 0.99981749 -0.01766753 0.00712234 0.00146771
0.56604183 0.07676861 0.17566834 0.99987805 -0.01389778 0.00697368 0.00147034
0.56613493 0.08073947 0.17566432 0.99992144 -0.01041752 0.00682002 0.00145314
0.56622458 0.08483780 0.17564483 0.99995446 -0.00667852 0.00666666 0.00145240
0.56632078 0.08896470 0.17564742 0.99997288 -0.00315958 0.00651056 0.00142620
0.56641990 0.09313419 0.17565666 0.99997884 0.00016391 0.00635487 0.00139373
0.56652141 0.09735852 0.17567243 0.99997431 0.00334650 0.00620157 0.00135158
0.56662720 0.10161716 0.17569773 0.99996114 0.00627911 0.00604838 0.00130029
0.56673795 0.10587841 0.17573793 0.99994320 0.00879222 0.00589758 0.00122501
0.56685197 0.11018872 0.17578018 0.99992156 0.01107538 0.00574857 0.00115255
0.56697142 0.11450239 0.17583844 0.99989998 0.01294911 0.00560290 0.00105557
0.56709719 0.11881224 0.17590630 0.99988258 0.01428938 0.00545639 0.00094804
0.56722283 0.12319174 0.17596914 0.99986517 0.01551342 0.00531292 0.00084721
0.56736302 0.12748468 0.17607081 0.99986100 0.01583678 0.00517267 0.00069333
0.56750113 0.13184723 0.17615676 0.99985957 0.01597619 0.00503254 0.00055760
0.56764692 0.13621028 0.17626467 0.99986482 0.01569343 0.00489497 0.00039307
0.56780285 0.14053482 0.17638671 0.99988151 0.01464367 0.00475460 0.00021540
0.56795388 0.14496203 0.17649417 0.99989611 0.01365954 0.00461239 0.00004992
0.56812513 0.14928170 0.17665547 0.99992198 0.01166082 0.00447363 -0.00017573
0.56829131 0.15368941 0.17679515 0.99994481 0.00957417 0.00432926 -0.00038071
0.56846458 0.15812060 0.17695874 0.99996513 0.00720465 0.00418407 -0.00061187
0.56864995 0.16252425 0.17714331 0.99998295 0.00414324 0.00402981 -0.00085908
0.56882858 0.16705298 0.17731261 0.99999106 0.00130391 0.00386685 -0.00109706
0.56902683 0.17151873 0.17753765 0.99998963 -0.00229907 0.00370163 -0.00138689
0.56922090 0.17608893 0.17774773 0.99997544 -0.00583070 0.00352186 -0.00166644
0.56941926 0.18071900 0.17797734 0.99994820 -0.00941670 0.00333387 -0.00197088
0.56962878 0.18537423 0.17823091 0.99990362 -0.01332992 0.00312740 -0.00229519
0.56983393 0.19015586 0.17847633 0.99984884 -0.01694489 0.00290400 -0.00262477
0.57005012 0.19496383 0.17875718 0.99977583 -0.02078956 0.00266939 -0.00299349
0.57026744 0.19988264 0.17903712 0.99969316 -0.02442080 0.00241095 -0.00337301
0.57048625 0.20490102 0.17932546 0.99960297 -0.02784044 0.00213426 -0.00377674
0.57071149 0.21000816 0.17962834 0.99950534 -0.03111506 0.00183278 -0.00421003
0.57093906 0.21522045 0.17993745 0.99940550 -0.03412575 0.00150830 -0.00467112
0.57116783 0.22056141 0.18024524 0.99931204 -0.03670979 0.00115615 -0.00516043
0.57140309 0.22599590 0.18056998 0.99922073 -0.03905082 0.00077724 -0.00569461
0.57164210 0.23155394 0.18089485 0.99914098 -0.04096639 0.00036478 -0.00625566
0.57188118 0.23724256 0.18121828 0.99907953 -0.04234374 -0.00007498 -0.00687571
0.57213384 0.24299401 0.18157476 0.99902111 -0.04358196 -0.00054896 -0.00756147
0.57238293 0.24893853 0.18189836 0.99900085 -0.04390758 -0.00106806 -0.00826833
0.57264501 0.25493586 0.18226343 0.99898732 -0.04403639 -0.00162137 -0.00908740
0.57293868 0.26098025 0.18266782 0.99899006 -0.04373169 -0.00226432 -0.01006616
0.57324231 0.26710996 0.18307126 0.99902236 -0.04265463 -0.00296414 -0.01123274
0.57357967 0.27318707 0.18355747 0.99904716 -0.04161507 -0.00373566 -0.01261534
0.57391441 0.27936706 0.18400441 0.99910426 -0.03962272 -0.00457716 -0.01413859
0.57427651 0.28543195 0.18453684 0.99915230 -0.03750324 -0.00551724 -0.01605628
