0.56613082 -0.00540080 0.17867592 0.99997061 -0.00024033 -0.00195247 -0.00741867
0.56601512 -0.00510290 0.17857523 0.99997127 -0.00062549 -0.00154650 -0.00739406
0.56586152 -0.00425909 0.17835554 0.99997330 -0.00120986 -0.00088871 -0.00715498
0.56571150 -0.00294983 0.17811374 0.99997514 -0.00185341 -0.00012124 -0.00680663
0.56562817 -0.00124728 0.17789820 0.99997610 -0.00244892 0.00057119 -0.00644746
0.56558883 0.00073982 0.17770004 0.99997663 -0.00300139 0.00119549 -0.00603077
0.56557447 0.00291996 0.17752096 0.99997646 -0.00351989 0.00175768 -0.00562082
0.56557822 0.00526198 0.17736076 0.99997580 -0.00400901 0.00226277 -0.00523148
0.56560260 0.00774301 0.17721289 0.99997473 -0.00446427 0.00271964 -0.00481461
0.56564075 0.01021074 0.17706387 0.99997389 -0.00487351 0.00314409 -0.00430730
0.56567061 0.01254999 0.17692290 0.99997270 -0.00524807 0.00353998 -0.00381217
0.56568664 0.01474410 0.17678979 0.99997115 -0.00559103 0.00391108 -0.00335366
0.56569630 0.01679021 0.17666081 0.99996936 -0.00590169 0.00426006 -0.00288328
0.56569493 0.01855599 0.17652445 0.99996769 -0.00616652 0.00460154 -0.00232679
0.56566590 0.01993981 0.17638721 0.99996579 -0.00640035 0.00493646 -0.00179641
0.56563491 0.02093389 0.17625935 0.99996346 -0.00661928 0.00524753 -0.00132071
0.56560791 0.02155525 0.17613977 0.99996114 -0.00681973 0.00553495 -0.00086757
0.56559539 0.02173065 0.17602314 0.99995863 -0.00700080 0.00580096 -0.00038629
0.56560212 0.02139477 0.17595138 0.99995732 -0.00707483 0.00595504 -0.00002348
0.56565958 0.02053271 0.17598234 0.99995899 -0.00692677 0.00584137 0.00009191
0.56576115 0.01919048 0.17609407 0.99996316 -0.00660509 0.00548649 0.00000205
0.56591183 0.01738898 0.17628133 0.99996918 -0.00613624 0.00489795 -0.00025611
0.56610656 0.01515629 0.17653404 0.99997592 -0.00556153 0.00410211 -0.00065405
0.56634194 0.01253082 0.17684333 0.99998236 -0.00491857 0.00312489 -0.00115392
0.56660289 0.00956058 0.17719230 0.99998748 -0.00424945 0.00201267 -0.00173025
0.56686020 0.00636651 0.17755631 0.99999040 -0.00360119 0.00084752 -0.00235450
0.56712121 0.00302225 0.17793134 0.99999118 -0.00298148 -0.00035560 -0.00296625
0.56738788 -0.00044346 0.17831397 0.99998963 -0.00240052 -0.00158155 -0.00353705
0.56763875 -0.00399851 0.17868769 0.99998605 -0.00189161 -0.00278175 -0.00408255
0.56781936 -0.00747669 0.17901611 0.99998081 -0.00147718 -0.00384259 -0.00462938
0.56795913 -0.01078759 0.17930950 0.99997497 -0.00112218 -0.00478029 -0.00510250
0.56806993 -0.01392402 0.17956991 0.99996889 -0.00081640 -0.00560796 -0.00549256
0.56813663 -0.01688200 0.17978770 0.99996293 -0.00059026 -0.00630128 -0.00584234
0.56811166 -0.01950582 0.17993464 0.99995774 -0.00045723 -0.00677288 -0.00620504
0.56803852 -0.02171164 0.18002596 0.99995393 -0.00036591 -0.00706190 -0.00649958
0.56793821 -0.02351110 0.18007095 0.99995148 -0.00031137 -0.00720096 -0.00671667
0.56780767 -0.02492240 0.18006743 0.99995041 -0.00031811 -0.00718921 -0.00689028
0.56762487 -0.02584969 0.17999956 0.99995065 -0.00041157 -0.00697935 -0.00705977
0.56742769 -0.02624554 0.17988127 0.99995238 -0.00056511 -0.00660807 -0.00715679
0.56723350 -0.02613332 0.17971782 0.99995553 -0.00078744 -0.00609529 -0.00716227
0.56704581 -0.02554789 0.17951228 0.99995947 -0.00109130 -0.00545275 -0.00708768
0.56686234 -0.02448644 0.17926088 0.99996400 -0.00150234 -0.00466681 -0.00693929
0.56669372 -0.02295602 0.17896295 0.99996859 -0.00203097 -0.00374705 -0.00668700
0.56655568 -0.02100183 0.17865959 0.99997258 -0.00260454 -0.00276721 -0.00636726
0.56646979 -0.01867339 0.17839184 0.99997509 -0.00314194 -0.00188470 -0.00604162
0.56643188 -0.01604859 0.17814843 0.99997663 -0.00364465 -0.00108933 -0.00568176
0.56642759 -0.01319437 0.17793092 0.99997729 -0.00411987 -0.00037682 -0.00532816
0.56645054 -0.01013969 0.17773798 0.99997711 -0.00457084 0.00025964 -0.00499092
0.56650114 -0.00691002 0.17756402 0.99997652 -0.00499493 0.00083005 -0.00462699
0.56657076 -0.00363780 0.17739515 0.99997592 -0.00537914 0.00135481 -0.00417848
0.56663215 -0.00043090 0.17723712 0.99997491 -0.00573403 0.00184017 -0.00374033
0.56668097 0.00269307 0.17709130 0.99997342 -0.00606334 0.00228780 -0.00333467
0.56672144 0.00572791 0.17695057 0.99997187 -0.00636154 0.00270760 -0.00290789
0.56675231 0.00853253 0.17680146 0.99997044 -0.00661504 0.00311780 -0.00238742
0.56675375 0.01099731 0.17665413 0.99996865 -0.00683916 0.00351530 -0.00188818
0.56672662 0.01311730 0.17651261 0.99996662 -0.00704020 0.00389767 -0.00143554
0.56667340 0.01490809 0.17637365 0.99996442 -0.00721377 0.00427014 -0.00098443
0.56661016 0.01626684 0.17622758 0.99996209 -0.00735742 0.00463599 -0.00047711
0.56655145 0.01711429 0.17609052 0.99995959 -0.00749272 0.00497574 -0.00000857
0.56649214 0.01746474 0.17596605 0.99995697 -0.00761938 0.00528830 0.00039894
0.56643480 0.01735110 0.17585136 0.99995422 -0.00773698 0.00557810 0.00076772
0.56639010 0.01675236 0.17575142 0.99995196 -0.00781536 0.00581771 0.00111103
0.56641060 0.01563398 0.17574683 0.99995250 -0.00771213 0.00581759 0.00129498
0.56648570 0.01402560 0.17582500 0.99995571 -0.00746214 0.00557810 0.00132182
0.56660289 0.01197428 0.17596933 0.99996084 -0.00710064 0.00514001 0.00121313
0.56674761 0.00955782 0.17616256 0.99996686 -0.00667495 0.00455356 0.00099152
0.56692225 0.00683677 0.17639738 0.99997318 -0.00620532 0.00383961 0.00070455
0.56712383 0.00384566 0.17666510 0.99997902 -0.00571424 0.00302166 0.00037915
0.56733394 0.00062316 0.17695113 0.99998403 -0.00524145 0.00214374 0.00000887
0.56750453 -0.00268485 0.17722638 0.99998742 -0.00482374 0.00130135 -0.00042135
0.56765527 -0.00598118 0.17749213 0.99998975 -0.00444114 0.00049275 -0.00083364
0.56779528 -0.00924313 0.17774741 0.99999094 -0.00409091 -0.00028098 -0.00120419
0.56790274 -0.01245956 0.17797981 0.99999106 -0.00380599 -0.00098562 -0.00157225
0.56792653 -0.01546688 0.17816426 0.99999034 -0.00360399 -0.00153673 -0.00198781
0.56790453 -0.01816296 0.17830893 0.99998939 -0.00344038 -0.00196016 -0.00235885
0.56785500 -0.02054750 0.17841843 0.99998838 -0.00330740 -0.00227547 -0.00266768
0.56777018 -0.02263071 0.17848921 0.99998736 -0.00322753 -0.00247347 -0.00295396
0.56761587 -0.02429168 0.17850512 0.99998635 -0.00322533 -0.00250137 -0.00327257
0.56743580 -0.02545540 0.17847699 0.99998564 -0.00326574 -0.00239176 -0.00353541
0.56724989 -0.02613853 0.17841010 0.99998510 -0.00335121 -0.00216424 -0.00372350
0.56705946 -0.02637168 0.17830579 0.99998480 -0.00349873 -0.00182384 -0.00385852
0.56685597 -0.02611366 0.17815785 0.99998432 -0.00373638 -0.00134748 -0.00396645
0.56666350 -0.02534606 0.17797118 0.99998355 -0.00405699 -0.00075006 -0.00399610
0.56649113 -0.02409622 0.17774743 0.99998236 -0.00446606 -0.00004280 -0.00393457
0.56636113 -0.02241553 0.17753999 0.99998063 -0.00486964 0.00065064 -0.00383378
0.56627905 -0.02035377 0.17735463 0.99997854 -0.00524729 0.00127119 -0.00370857
0.56623948 -0.01795395 0.17718995 0.99997628 -0.00560570 0.00182307 -0.00357088
0.56623918 -0.01524822 0.17704625 0.99997377 -0.00594860 0.00230795 -0.00342738
0.56627864 -0.01226666 0.17691877 0.99997139 -0.00627095 0.00273329 -0.00324591
0.56635094 -0.00912801 0.17679802 0.99996918 -0.00656408 0.00311559 -0.00298234
0.56643045 -0.00592891 0.17668793 0.99996692 -0.00683981 0.00346011 -0.00271534
0.56651062 -0.00269238 0.17658883 0.99996471 -0.00709999 0.00376970 -0.00246314
0.56659514 0.00056949 0.17649530 0.99996257 -0.00733560 0.00405228 -0.00217538
0.56667691 0.00371033 0.17639345 0.99996072 -0.00753254 0.00432831 -0.00178466
0.56673104 0.00661689 0.17629115 0.99995881 -0.00770664 0.00459927 -0.00140189
0.56675577 0.00927821 0.17619139 0.99995673 -0.00786221 0.00486308 -0.00105321
0.56676149 0.01170032 0.17609069 0.99995470 -0.00799638 0.00512224 -0.00069013
0.56675744 0.01375953 0.17598011 0.99995273 -0.00809664 0.00538343 -0.00024606
0.56670570 0.01536499 0.17586568 0.99995059 -0.00817484 0.00565869 0.00017854
0.56664407 0.01651664 0.17575625 0.99994832 -0.00824738 0.00591916 0.00055042
