0.56975794 -0.00806837 0.17900106 0.99926800 -0.00565845 0.00014859 0.03783600
0.56969982 -0.00796403 0.17895533 0.99926502 -0.00586420 0.00038606 0.03788041
0.56962061 -0.00759416 0.17883025 0.99925703 -0.00615650 0.00076026 0.03803905
0.56954318 -0.00700740 0.17867783 0.99924523 -0.00649488 0.00121087 0.03828004
0.56947362 -0.00626034 0.17851204 0.99923027 -0.00686073 0.00170386 0.03858801
0.56940633 -0.00538855 0.17833380 0.99921274 -0.00725859 0.00223708 0.03893927
0.56933773 -0.00440715 0.17814423 0.99919230 -0.00769430 0.00279659 0.03934241
0.56927443 -0.00338391 0.17796586 0.99917054 -0.00809181 0.00333303 0.03977055
0.56921184 -0.00237180 0.17779273 0.99914849 -0.00848430 0.00386161 0.04019169
0.56915635 -0.00137220 0.17762405 0.99912584 -0.00886464 0.00437337 0.04061926
0.56911969 -0.00044602 0.17747113 0.99910337 -0.00919533 0.00482351 0.04104547
0.56909192 0.00036167 0.17733973 0.99908328 -0.00947690 0.00520623 0.04142118
0.56907606 0.00104093 0.17723545 0.99906611 -0.00968266 0.00551909 0.04174603
0.56907988 0.00154286 0.17716047 0.99905163 -0.00982505 0.00573987 0.04202849
0.56909049 0.00185157 0.17710978 0.99904120 -0.00990152 0.00587350 0.04224129
0.56911033 0.00196660 0.17708853 0.99903464 -0.00991029 0.00591826 0.04238586
0.56914651 0.00186586 0.17710128 0.99903232 -0.00984091 0.00585729 0.04246526
0.56919342 0.00154321 0.17714378 0.99903446 -0.00970709 0.00570053 0.04246744
0.56925058 0.00101119 0.17721464 0.99904037 -0.00951958 0.00545752 0.04240194
0.56931865 0.00028147 0.17731220 0.99904966 -0.00928628 0.00513440 0.04227702
0.56939650 -0.00063105 0.17743279 0.99906147 -0.00901419 0.00473827 0.04209990
0.56947923 -0.00170987 0.17757094 0.99907547 -0.00872368 0.00428861 0.04187851
0.56956089 -0.00291128 0.17771955 0.99909067 -0.00842786 0.00380820 0.04162063
0.56964475 -0.00420487 0.17787610 0.99910617 -0.00812823 0.00330341 0.04135114
0.56972665 -0.00557371 0.17803642 0.99912173 -0.00783890 0.00278765 0.04106813
0.56979167 -0.00695815 0.17818728 0.99913704 -0.00757951 0.00230139 0.04077329
0.56985044 -0.00832072 0.17833118 0.99915105 -0.00733751 0.00184005 0.04049711
0.56990021 -0.00964745 0.17846391 0.99916369 -0.00712800 0.00141579 0.04023787
0.56992453 -0.01087818 0.17857251 0.99917543 -0.00696528 0.00106639 0.03998559
0.56993717 -0.01197846 0.17866193 0.99918509 -0.00683445 0.00078148 0.03977303
0.56993663 -0.01294474 0.17872952 0.99919295 -0.00674379 0.00056505 0.03959297
0.56991237 -0.01372789 0.17876610 0.99919951 -0.00670826 0.00044703 0.03943692
0.56987715 -0.01430374 0.17877571 0.99920362 -0.00671125 0.00041234 0.03933108
0.56983268 -0.01467927 0.17875938 0.99920565 -0.00675970 0.00046033 0.03927056
0.56977355 -0.01482974 0.17871164 0.99920571 -0.00686538 0.00060618 0.03925039
0.56970936 -0.01474812 0.17863694 0.99920297 -0.00701803 0.00083673 0.03928696
0.56964308 -0.01444761 0.17853844 0.99919760 -0.00721824 0.00114411 0.03937889
0.56957424 -0.01393573 0.17841534 0.99918950 -0.00746995 0.00152880 0.03952467
0.56950480 -0.01322467 0.17826979 0.99917865 -0.00776780 0.00198215 0.03972147
0.56943756 -0.01233143 0.17810553 0.99916470 -0.00810993 0.00249618 0.03997436
0.56937027 -0.01128730 0.17792641 0.99914753 -0.00849372 0.00304586 0.04028432
0.56929052 -0.01012960 0.17774597 0.99912852 -0.00888896 0.00362998 0.04062180
0.56921726 -0.00887753 0.17756915 0.99910843 -0.00927526 0.00420153 0.04097149
0.56915933 -0.00758303 0.17740150 0.99908769 -0.00963110 0.00473100 0.04133680
0.56910884 -0.00628539 0.17724569 0.99906766 -0.00995755 0.00521869 0.04168261
0.56906569 -0.00499852 0.17710006 0.99904799 -0.01025665 0.00566810 0.04202129
0.56903845 -0.00377508 0.17696203 0.99902761 -0.01052880 0.00608128 0.04238015
0.56901538 -0.00265855 0.17683378 0.99900812 -0.01078129 0.00646234 0.04271782
0.56899691 -0.00165401 0.17671481 0.99898922 -0.01101351 0.00681448 0.04304520
0.56898922 -0.00080794 0.17660159 0.99897003 -0.01122433 0.00713688 0.04338205
0.56898314 -0.00015172 0.17649749 0.99895215 -0.01141888 0.00743341 0.04369361
0.56898504 0.00031479 0.17641686 0.99893731 -0.01155788 0.00765484 0.04395473
0.56900656 0.00055851 0.17637894 0.99892771 -0.01158702 0.00775629 0.04414974
0.56903845 0.00056321 0.17637607 0.99892265 -0.01155686 0.00776023 0.04427021
0.56907845 0.00035014 0.17639834 0.99892193 -0.01146460 0.00767654 0.04432457
0.56913126 -0.00007951 0.17645122 0.99892545 -0.01130950 0.00749868 0.04431732
0.56919372 -0.00071750 0.17652977 0.99893248 -0.01110554 0.00724047 0.04425127
0.56926435 -0.00154714 0.17663196 0.99894291 -0.01086360 0.00691026 0.04412897
0.56933707 -0.00253383 0.17675030 0.99895573 -0.01060230 0.00653338 0.04395945
0.56941479 -0.00365040 0.17688324 0.99897015 -0.01032054 0.00611061 0.04375819
0.56949234 -0.00488056 0.17702579 0.99898583 -0.01003647 0.00566095 0.04352821
0.56955945 -0.00616432 0.17716721 0.99900174 -0.00977159 0.00521994 0.04327532
0.56962430 -0.00746534 0.17730875 0.99901748 -0.00951111 0.00477809 0.04302070
0.56967849 -0.00877258 0.17744274 0.99903262 -0.00927413 0.00435835 0.04276545
0.56971079 -0.01001978 0.17755905 0.99904698 -0.00907934 0.00399595 0.04250539
0.56973338 -0.01117061 0.17766249 0.99905968 -0.00890857 0.00367844 0.04227062
0.56974393 -0.01221923 0.17774954 0.99907118 -0.00876880 0.00340992 0.04205238
0.56972992 -0.01311193 0.17780948 0.99908113 -0.00868255 0.00322878 0.04184673
0.56970495 -0.01381908 0.17784618 0.99908876 -0.00863302 0.00312072 0.04168279
0.56967020 -0.01434307 0.17785957 0.99909425 -0.00862533 0.00308496 0.04155592
0.56961840 -0.01465471 0.17784421 0.99909770 -0.00867242 0.00314051 0.04145717
0.56956100 -0.01473973 0.17780468 0.99909860 -0.00876296 0.00327259 0.04140686
0.56949985 -0.01460797 0.17774014 0.99909675 -0.00889772 0.00347877 0.04140585
0.56943381 -0.01426041 0.17765203 0.99909234 -0.00908494 0.00376171 0.04144874
0.56936717 -0.01370246 0.17754155 0.99908483 -0.00932115 0.00411564 0.04154266
0.56929785 -0.01294693 0.17740838 0.99907386 -0.00961411 0.00453264 0.04169546
0.56922293 -0.01202739 0.17726710 0.99906057 -0.00991952 0.00499290 0.04188980
0.56915182 -0.01097208 0.17712680 0.99904609 -0.01023078 0.00545961 0.04210140
0.56909055 -0.00979644 0.17699476 0.99903136 -0.01051849 0.00589305 0.04231908
0.56904453 -0.00854706 0.17686902 0.99901605 -0.01078141 0.00629264 0.04255930
0.56900507 -0.00726471 0.17675290 0.99900115 -0.01102149 0.00665879 0.04278925
0.56897342 -0.00596044 0.17664355 0.99898618 -0.01124167 0.00699860 0.04302679
0.56895566 -0.00469249 0.17653820 0.99897027 -0.01144141 0.00731170 0.04329053
0.56894195 -0.00350393 0.17644092 0.99895513 -0.01162636 0.00759846 0.04353956
0.56893271 -0.00240026 0.17634936 0.99894035 -0.01179594 0.00786382 0.04378762
0.56893474 -0.00143274 0.17626205 0.99892473 -0.01194876 0.00810677 0.04405569
0.56893754 -0.00063612 0.17618068 0.99891019 -0.01208937 0.00833088 0.04430557
0.56894135 -0.00000998 0.17610458 0.99889624 -0.01222026 0.00853866 0.04454423
0.56895131 0.00041510 0.17603211 0.99888223 -0.01233792 0.00872880 0.04478846
0.56896257 0.00061833 0.17597072 0.99887007 -0.01243269 0.00888628 0.04500031
0.56898344 0.00060677 0.17594050 0.99886274 -0.01245391 0.00894463 0.04514702
0.56902277 0.00036403 0.17595875 0.99886066 -0.01237458 0.00889248 0.04522409
0.56907117 -0.00009644 0.17599842 0.99886227 -0.01225507 0.00875825 0.04524732
0.56912816 -0.00076076 0.17606357 0.99886787 -0.01208705 0.00854486 0.04521035
0.56919044 -0.00160301 0.17614898 0.99887669 -0.01188195 0.00826877 0.04512126
0.56926060 -0.00260044 0.17625384 0.99888802 -0.01164520 0.00793326 0.04499214
0.56933343 -0.00373575 0.17637217 0.99890131 -0.01139355 0.00755733 0.04482543
0.56939912 -0.00495800 0.17649649 0.99891603 -0.01114553 0.00716841 0.04462226
0.56946176 -0.00623428 0.17662458 0.99893129 -0.01089567 0.00676793 0.04440577
