0.56780601 -0.00448716 0.17966232 0.99996722 0.00065863 -0.00345552 -0.00729907
0.56878310 -0.00457462 0.17962232 0.99996650 0.00070751 -0.00338757 -0.00742163
0.57068938 -0.00458960 0.17963572 0.99996507 0.00081933 -0.00345290 -0.00756581
0.57345194 -0.00455127 0.17976245 0.99996269 0.00101316 -0.00369596 -0.00774563
0.57685751 -0.00445299 0.17998298 0.99995947 0.00126207 -0.00407326 -0.00793713
0.58082485 -0.00429745 0.18026085 0.99995542 0.00155938 -0.00453794 -0.00814230
0.58525360 -0.00408350 0.18059373 0.99995059 0.00188512 -0.00507969 -0.00833356
0.58983231 -0.00381842 0.18095309 0.99994570 0.00221235 -0.00564986 -0.00847927
0.59448671 -0.00352100 0.18129013 0.99994057 0.00253850 -0.00619251 -0.00860638
0.59913743 -0.00319310 0.18161280 0.99993563 0.00284779 -0.00671387 -0.00869281
0.60344219 -0.00284696 0.18190233 0.99993145 0.00311458 -0.00717771 -0.00871385
0.60735440 -0.00249863 0.18211070 0.99992818 0.00333697 -0.00752968 -0.00870811
0.61083549 -0.00214221 0.18225637 0.99992603 0.00350547 -0.00779116 -0.00865878
0.61358923 -0.00177744 0.18233639 0.99992549 0.00359035 -0.00794101 -0.00854775
0.61561167 -0.00140411 0.18231742 0.99992675 0.00359577 -0.00793976 -0.00840652
0.61691123 -0.00100592 0.18222328 0.99992961 0.00350744 -0.00780886 -0.00821862
0.61729777 -0.00056667 0.18206847 0.99993443 0.00329792 -0.00754082 -0.00797008
0.61680388 -0.00006800 0.18183938 0.99994087 0.00296962 -0.00711453 -0.00767184
0.61547881 0.00050780 0.18156174 0.99994868 0.00251532 -0.00655043 -0.00731287
0.61326689 0.00118657 0.18125978 0.99995744 0.00191128 -0.00585151 -0.00687870
0.61022204 0.00199233 0.18094017 0.99996650 0.00115585 -0.00501943 -0.00636195
0.60643440 0.00291968 0.18066014 0.99997413 0.00039124 -0.00417781 -0.00584163
0.60198569 0.00397528 0.18042469 0.99997967 -0.00031948 -0.00340849 -0.00537697
0.59692651 0.00517844 0.18022245 0.99998367 -0.00098068 -0.00270426 -0.00495094
0.59133232 0.00653298 0.18003723 0.99998629 -0.00159484 -0.00204360 -0.00455505
0.58539867 0.00802622 0.17985025 0.99998796 -0.00216544 -0.00140941 -0.00417451
0.57917845 0.00963836 0.17968428 0.99998879 -0.00269508 -0.00082552 -0.00381212
0.57274663 0.01135334 0.17951718 0.99998891 -0.00318789 -0.00026417 -0.00346312
0.56638849 0.01312092 0.17932066 0.99998856 -0.00365162 0.00029886 -0.00310705
0.56014723 0.01489722 0.17913774 0.99998748 -0.00408459 0.00081915 -0.00277080
0.55408376 0.01666863 0.17894667 0.99998605 -0.00449449 0.00132555 -0.00244819
0.54851419 0.01838163 0.17871922 0.99998415 -0.00488323 0.00184232 -0.00212299
0.54346269 0.02000638 0.17851144 0.99998194 -0.00524557 0.00231332 -0.00182984
0.53895724 0.02155563 0.17830387 0.99997938 -0.00558436 0.00276279 -0.00156666
0.53526884 0.02301650 0.17807204 0.99997652 -0.00590271 0.00321633 -0.00132242
0.53239238 0.02439814 0.17786537 0.99997365 -0.00618982 0.00362021 -0.00112171
0.53031319 0.02573845 0.17766650 0.99997079 -0.00645083 0.00399792 -0.00095918
0.52918983 0.02706957 0.17744960 0.99996781 -0.00667858 0.00437939 -0.00081866
0.52898717 0.02842089 0.17724402 0.99996495 -0.00687379 0.00473332 -0.00072363
0.52969730 0.02982846 0.17705591 0.99996221 -0.00706184 0.00503898 -0.00065755
0.53133351 0.03132764 0.17686300 0.99995947 -0.00723207 0.00532979 -0.00061726
0.53384799 0.03294451 0.17667514 0.99995697 -0.00738126 0.00559372 -0.00058978
0.53716922 0.03469250 0.17649449 0.99995470 -0.00751388 0.00582904 -0.00056876
0.54120135 0.03657974 0.17632258 0.99995255 -0.00763345 0.00603569 -0.00055211
0.54588592 0.03860812 0.17615326 0.99995053 -0.00774515 0.00622111 -0.00053434
0.55114084 0.04077023 0.17600067 0.99994886 -0.00784725 0.00637013 -0.00050618
0.55675042 0.04304122 0.17588435 0.99994749 -0.00793970 0.00646597 -0.00046948
0.56265056 0.04540879 0.17577758 0.99994624 -0.00803053 0.00654071 -0.00042872
0.56876129 0.04785758 0.17570126 0.99994546 -0.00811625 0.00657111 -0.00037741
0.57478333 0.05034562 0.17568217 0.99994510 -0.00818902 0.00653428 -0.00032031
0.58066010 0.05286215 0.17567466 0.99994481 -0.00826025 0.00648481 -0.00027307
0.58633113 0.05540075 0.17569712 0.99994481 -0.00832921 0.00640082 -0.00022470
0.59147716 0.05792493 0.17577611 0.99994528 -0.00838381 0.00626081 -0.00018799
0.59607095 0.06044627 0.17585769 0.99994564 -0.00843835 0.00612605 -0.00017185
0.60008854 0.06297239 0.17595537 0.99994612 -0.00849158 0.00597841 -0.00016874
0.60326731 0.06549256 0.17609316 0.99994677 -0.00853735 0.00579774 -0.00019289
0.60561574 0.06803943 0.17622253 0.99994719 -0.00858754 0.00563788 -0.00024346
0.60715723 0.07063845 0.17635332 0.99994755 -0.00864369 0.00548238 -0.00030914
0.60773814 0.07329699 0.17650609 0.99994797 -0.00870609 0.00531417 -0.00040948
0.60739726 0.07606274 0.17664900 0.99994802 -0.00878119 0.00516516 -0.00052891
0.60619187 0.07896102 0.17678468 0.99994779 -0.00887418 0.00502986 -0.00065632
0.60410130 0.08200381 0.17692456 0.99994731 -0.00898856 0.00489587 -0.00080964
0.60117841 0.08522853 0.17705671 0.99994653 -0.00912964 0.00477368 -0.00096450
0.59749645 0.08865187 0.17717539 0.99994528 -0.00930011 0.00466746 -0.00111024
0.59316748 0.09228069 0.17727539 0.99994361 -0.00950414 0.00457704 -0.00123846
0.58825004 0.09609740 0.17736565 0.99994159 -0.00974447 0.00449198 -0.00135380
0.58282489 0.10009384 0.17743248 0.99993896 -0.01002198 0.00442278 -0.00145058
0.57712221 0.10424515 0.17745717 0.99993593 -0.01033217 0.00438327 -0.00150078
0.57119966 0.10848603 0.17747444 0.99993247 -0.01067400 0.00433797 -0.00154500
0.56513530 0.11279578 0.17746671 0.99992859 -0.01104289 0.00430691 -0.00157756
0.55923641 0.11714234 0.17741224 0.99992442 -0.01141620 0.00430590 -0.00155260
0.55354995 0.12144819 0.17736666 0.99992031 -0.01178032 0.00428313 -0.00153791
0.54813105 0.12571432 0.17731254 0.99991620 -0.01213354 0.00426239 -0.00151925
0.54329234 0.12994179 0.17722706 0.99991250 -0.01243973 0.00426394 -0.00144258
0.53905368 0.13407944 0.17716835 0.99990964 -0.01268279 0.00423413 -0.00138387
0.53542858 0.13815635 0.17711656 0.99990749 -0.01286810 0.00419944 -0.00133048
0.53266037 0.14221759 0.17704543 0.99990624 -0.01297998 0.00418395 -0.00123638
0.53073633 0.14624642 0.17699969 0.99990606 -0.01301306 0.00414550 -0.00116062
0.52962595 0.15028386 0.17696211 0.99990678 -0.01298296 0.00410253 -0.00109846
0.52946013 0.15439275 0.17690946 0.99990791 -0.01290256 0.00407785 -0.00101977
0.53020549 0.15857308 0.17686892 0.99990988 -0.01277101 0.00404024 -0.00096216
0.53180259 0.16284780 0.17683461 0.99991214 -0.01260817 0.00399750 -0.00092732
0.53425592 0.16725832 0.17679784 0.99991459 -0.01242578 0.00395411 -0.00090833
0.53751683 0.17181273 0.17676842 0.99991721 -0.01223075 0.00389820 -0.00090814
0.54151422 0.17651001 0.17675591 0.99991995 -0.01202500 0.00381809 -0.00093376
0.54612738 0.18134025 0.17677158 0.99992287 -0.01181221 0.00370139 -0.00099487
0.55129921 0.18631320 0.17680776 0.99992585 -0.01160049 0.00355548 -0.00107570
0.55695373 0.19140755 0.17688386 0.99992895 -0.01138139 0.00335753 -0.00118407
0.56286335 0.19655837 0.17702784 0.99993217 -0.01115078 0.00308531 -0.00134334
0.56896871 0.20177820 0.17721018 0.99993539 -0.01091945 0.00276947 -0.00153513
0.57519776 0.20704046 0.17745060 0.99993861 -0.01068032 0.00238681 -0.00176277
0.58125240 0.21224421 0.17777559 0.99994171 -0.01043111 0.00192255 -0.00206391
0.58708119 0.21742551 0.17813532 0.99994427 -0.01018661 0.00142926 -0.00241143
0.59262925 0.22257128 0.17853902 0.99994624 -0.00994462 0.00089234 -0.00280347
0.59759247 0.22758621 0.17899962 0.99994737 -0.00971371 0.00031251 -0.00328256
0.60194224 0.23253998 0.17945647 0.99994755 -0.00950688 -0.00025201 -0.00381229
0.60565954 0.23744808 0.17991012 0.99994659 -0.00932854 -0.00080884 -0.00438389
0.60850877 0.24224821 0.18036366 0.99994409 -0.00919652 -0.00135374 -0.00504582
0.61049402 0.24703240 0.18076536 0.99994016 -0.00912315 -0.00183952 -0.00575245
