0.56594831 -0.00539603 0.17846946 0.99997032 -0.00036466 -0.00195682 -0.00745076
0.56593341 -0.00543820 0.17846508 0.99997109 -0.00046510 -0.00184983 -0.00737264
0.56590664 -0.00541201 0.17840552 0.99997228 -0.00059670 -0.00169438 -0.00723074
0.56588167 -0.00535940 0.17834061 0.99997354 -0.00073212 -0.00153279 -0.00707460
0.56585449 -0.00529581 0.17827433 0.99997479 -0.00087011 -0.00136697 -0.00692162
0.56583059 -0.00521331 0.17820875 0.99997592 -0.00100857 -0.00119936 -0.00676501
0.56580520 -0.00511175 0.17814204 0.99997699 -0.00115341 -0.00102437 -0.00660671
0.56577861 -0.00499024 0.17807347 0.99997807 -0.00130093 -0.00084412 -0.00644990
0.56575209 -0.00484307 0.17800331 0.99997902 -0.00145578 -0.00065529 -0.00628865
0.56572360 -0.00466975 0.17793062 0.99997985 -0.00161707 -0.00045741 -0.00612500
0.56569391 -0.00446953 0.17785531 0.99998069 -0.00178558 -0.00024986 -0.00595856
0.56566417 -0.00423576 0.17777775 0.99998134 -0.00196207 -0.00003201 -0.00578741
0.56563199 -0.00397045 0.17769597 0.99998200 -0.00214553 0.00019741 -0.00561195
0.56559908 -0.00366918 0.17761113 0.99998248 -0.00234020 0.00043911 -0.00542986
0.56556457 -0.00333092 0.17752317 0.99998283 -0.00254488 0.00069273 -0.00524165
0.56552845 -0.00295656 0.17743061 0.99998307 -0.00275874 0.00096017 -0.00504705
0.56549102 -0.00254111 0.17733441 0.99998307 -0.00298476 0.00124043 -0.00484574
0.56545264 -0.00208472 0.17723460 0.99998289 -0.00322282 0.00153476 -0.00463446
0.56541270 -0.00158547 0.17712994 0.99998260 -0.00347304 0.00184441 -0.00441388
0.56537163 -0.00104228 0.17702155 0.99998194 -0.00373852 0.00216943 -0.00418369
0.56532866 -0.00045574 0.17690824 0.99998105 -0.00401562 0.00250822 -0.00394371
0.56528282 0.00017552 0.17678939 0.99997979 -0.00430971 0.00286526 -0.00369490
0.56523329 0.00085940 0.17666222 0.99997818 -0.00463086 0.00323433 -0.00342845
0.56517845 0.00158537 0.17653994 0.99997628 -0.00494522 0.00361490 -0.00316027
0.56512141 0.00235649 0.17641407 0.99997389 -0.00528049 0.00401646 -0.00287842
0.56506604 0.00317206 0.17629141 0.99997121 -0.00560570 0.00440627 -0.00260483
0.56501424 0.00403188 0.17617775 0.99996841 -0.00590604 0.00476682 -0.00235410
0.56496656 0.00493693 0.17607266 0.99996567 -0.00618517 0.00509977 -0.00212040
0.56492245 0.00588714 0.17597590 0.99996281 -0.00644189 0.00540703 -0.00190593
0.56488121 0.00688412 0.17588696 0.99996006 -0.00668013 0.00568986 -0.00170805
0.56484264 0.00792558 0.17580475 0.99995732 -0.00689876 0.00594985 -0.00152734
0.56480592 0.00901387 0.17572907 0.99995476 -0.00710219 0.00618964 -0.00136269
0.56477374 0.01015281 0.17565933 0.99995220 -0.00729042 0.00641161 -0.00120635
0.56474227 0.01133800 0.17559484 0.99994969 -0.00746393 0.00661498 -0.00106665
0.56471425 0.01257563 0.17553547 0.99994743 -0.00762433 0.00680345 -0.00093383
0.56468755 0.01385974 0.17548028 0.99994510 -0.00777394 0.00697666 -0.00081341
0.56466240 0.01519496 0.17542931 0.99994302 -0.00791162 0.00713682 -0.00070225
0.56463993 0.01658142 0.17538223 0.99994099 -0.00803918 0.00728399 -0.00059750
0.56463176 0.01801253 0.17534062 0.99993908 -0.00816745 0.00741011 -0.00050688
0.56465280 0.01948200 0.17531309 0.99993730 -0.00830430 0.00750154 -0.00042965
0.56467628 0.02099829 0.17529127 0.99993569 -0.00843418 0.00758058 -0.00036110
0.56470162 0.02256685 0.17527311 0.99993408 -0.00855684 0.00764942 -0.00030005
0.56472820 0.02418707 0.17525709 0.99993265 -0.00867289 0.00770932 -0.00024369
0.56475532 0.02585680 0.17524365 0.99993128 -0.00878400 0.00776106 -0.00019517
0.56478494 0.02758012 0.17523345 0.99993008 -0.00889003 0.00780421 -0.00014986
0.56481415 0.02935183 0.17522465 0.99992883 -0.00899208 0.00784051 -0.00011132
0.56484562 0.03117744 0.17521861 0.99992776 -0.00908804 0.00786871 -0.00007767
0.56487918 0.03305661 0.17521445 0.99992675 -0.00918001 0.00789052 -0.00004552
0.56491411 0.03498692 0.17521290 0.99992585 -0.00926805 0.00790530 -0.00001956
0.56495017 0.03696987 0.17521232 0.99992502 -0.00935298 0.00791508 0.00000276
0.56498694 0.03900316 0.17521334 0.99992418 -0.00943589 0.00791955 0.00002128
0.56502509 0.04108913 0.17521593 0.99992335 -0.00951552 0.00791895 0.00003494
0.56506574 0.04322910 0.17522030 0.99992269 -0.00959283 0.00791281 0.00004877
0.56510693 0.04541965 0.17522588 0.99992204 -0.00966883 0.00790197 0.00005640
0.56514978 0.04766388 0.17523320 0.99992150 -0.00974172 0.00788671 0.00006278
0.56519419 0.04996015 0.17524141 0.99992096 -0.00981248 0.00786609 0.00006527
0.56523985 0.05230889 0.17525131 0.99992043 -0.00988203 0.00784153 0.00006372
0.56528682 0.05471032 0.17526203 0.99991995 -0.00995010 0.00781339 0.00006201
0.56533569 0.05716471 0.17527404 0.99991959 -0.01001644 0.00778133 0.00005555
0.56538498 0.05967062 0.17528687 0.99991918 -0.01008224 0.00774628 0.00004649
0.56543696 0.06223087 0.17530105 0.99991882 -0.01014751 0.00770718 0.00003744
0.56548911 0.06484170 0.17531596 0.99991852 -0.01021135 0.00766391 0.00002191
0.56554317 0.06750674 0.17533204 0.99991822 -0.01027375 0.00761795 0.00000675
0.56559908 0.07022420 0.17534918 0.99991798 -0.01033610 0.00756854 -0.00001193
0.56565624 0.07299476 0.17536744 0.99991769 -0.01039767 0.00751561 -0.00003281
0.56571466 0.07581656 0.17538649 0.99991751 -0.01045817 0.00745976 -0.00005603
0.56577444 0.07869202 0.17540646 0.99991733 -0.01051974 0.00740153 -0.00008219
0.56583601 0.08162007 0.17542754 0.99991709 -0.01057804 0.00733906 -0.00011108
0.56589818 0.08459965 0.17544906 0.99991703 -0.01063794 0.00727510 -0.00014313
0.56596231 0.08763296 0.17547195 0.99991679 -0.01069701 0.00720769 -0.00017745
0.56602740 0.09071849 0.17549534 0.99991667 -0.01075333 0.00713724 -0.00021444
0.56609398 0.09385715 0.17551982 0.99991661 -0.01081121 0.00706452 -0.00025506
0.56616193 0.09704836 0.17554551 0.99991655 -0.01086903 0.00698835 -0.00029717
0.56623173 0.10029139 0.17557245 0.99991643 -0.01092607 0.00690937 -0.00034310
0.56630272 0.10358752 0.17560045 0.99991632 -0.01098150 0.00682670 -0.00039344
0.56637502 0.10693614 0.17562941 0.99991632 -0.01103854 0.00674284 -0.00044355
0.56644905 0.11033838 0.17565978 0.99991626 -0.01109362 0.00665456 -0.00049928
0.56652391 0.11379289 0.17569064 0.99991620 -0.01114762 0.00656349 -0.00055737
0.56660020 0.11729733 0.17572299 0.99991614 -0.01120222 0.00647014 -0.00062125
0.56667840 0.12085632 0.17575659 0.99991608 -0.01125646 0.00637424 -0.00068686
0.56675786 0.12446839 0.17579171 0.99991620 -0.01130825 0.00627434 -0.00075530
0.56683868 0.12813215 0.17582822 0.99991608 -0.01136142 0.00617188 -0.00082897
0.56692070 0.13184893 0.17586623 0.99991608 -0.01141328 0.00606602 -0.00090579
0.56700426 0.13561727 0.17590567 0.99991608 -0.01146334 0.00595689 -0.00098850
0.56708974 0.13943911 0.17594738 0.99991608 -0.01151252 0.00584412 -0.00107486
0.56717622 0.14331201 0.17599052 0.99991608 -0.01156175 0.00572878 -0.00116513
0.56726444 0.14723793 0.17603533 0.99991608 -0.01160914 0.00560951 -0.00126205
0.56735444 0.15121622 0.17608279 0.99991614 -0.01165414 0.00548589 -0.00136252
0.56744581 0.15524513 0.17613217 0.99991614 -0.01169932 0.00535923 -0.00147032
0.56753916 0.15932742 0.17618415 0.99991620 -0.01174295 0.00522774 -0.00158368
0.56763375 0.16345993 0.17623834 0.99991614 -0.01178449 0.00509352 -0.00170193
0.56773031 0.16764480 0.17629538 0.99991614 -0.01182467 0.00495440 -0.00182967
0.56782842 0.17188084 0.17635481 0.99991620 -0.01186311 0.00481105 -0.00196263
0.56792849 0.17616735 0.17641759 0.99991620 -0.01189774 0.00466305 -0.00210529
0.56803077 0.18050615 0.17648369 0.99991614 -0.01193160 0.00450975 -0.00225493
0.56813496 0.18489511 0.17655340 0.99991608 -0.01196200 0.00435150 -0.00241329
0.56824154 0.18933453 0.17662708 0.99991602 -0.01198965 0.00418741 -0.00258263
0.56834990 0.19382386 0.17670444 0.99991596 -0.01201534 0.00401872 -0.00276028
0.56846100 0.19836237 0.17678645 0.99991584 -0.01203674 0.00384343 -0.00295150
0.56857491 0.20295286 0.17687380 0.99991566 -0.01205504 0.00366145 -0.00315239
