0.57038718 -0.00808657 0.17947146 0.99876446 -0.00362158 -0.00111586 0.04955098
0.57035393 -0.00806684 0.17944899 0.99876094 -0.00376046 -0.00095004 0.04961416
0.57030559 -0.00789561 0.17936161 0.99875325 -0.00394857 -0.00069964 0.04975944
0.57025760 -0.00762169 0.17926039 0.99874336 -0.00415665 -0.00041366 0.04994272
0.57021016 -0.00726345 0.17914969 0.99873203 -0.00437987 -0.00010020 0.05015199
0.57016343 -0.00683255 0.17903310 0.99871922 -0.00461966 0.00023729 0.05038477
0.57011789 -0.00633592 0.17891186 0.99870521 -0.00487351 0.00059319 0.05063357
0.57007092 -0.00578147 0.17878388 0.99869013 -0.00513995 0.00096959 0.05089839
0.57002574 -0.00517771 0.17865367 0.99867404 -0.00541550 0.00135690 0.05117656
0.56998098 -0.00453163 0.17851987 0.99865687 -0.00570041 0.00175679 0.05146721
0.56993520 -0.00384920 0.17838329 0.99863905 -0.00599515 0.00216693 0.05176345
0.56989068 -0.00313569 0.17824590 0.99862027 -0.00629538 0.00258297 0.05207111
0.56984901 -0.00239868 0.17810936 0.99860066 -0.00659859 0.00299925 0.05238488
0.56980163 -0.00164252 0.17796749 0.99858028 -0.00692344 0.00342029 0.05270474
0.56974971 -0.00087409 0.17783298 0.99856007 -0.00722599 0.00383264 0.05301739
0.56970274 -0.00010516 0.17770499 0.99853969 -0.00752354 0.00423616 0.05332874
0.56965655 0.00066184 0.17757818 0.99851906 -0.00782037 0.00463867 0.05363904
0.56960905 0.00142359 0.17745149 0.99849826 -0.00811911 0.00504023 0.05394433
0.56956458 0.00217710 0.17732850 0.99847764 -0.00840360 0.00542587 0.05424386
0.56952447 0.00291017 0.17721537 0.99845815 -0.00866598 0.00578105 0.05452327
0.56948620 0.00361870 0.17711121 0.99844015 -0.00890934 0.00610751 0.05477873
0.56945240 0.00430755 0.17701471 0.99842286 -0.00913602 0.00641114 0.05502083
0.56942201 0.00496579 0.17692450 0.99840635 -0.00934494 0.00669056 0.05525062
0.56939405 0.00558759 0.17684150 0.99839115 -0.00953817 0.00694793 0.05546167
0.56936759 0.00617461 0.17676483 0.99837697 -0.00971651 0.00718611 0.05565406
0.56934434 0.00672578 0.17669269 0.99836355 -0.00987959 0.00740474 0.05583800
0.56932396 0.00723275 0.17662588 0.99835074 -0.01003021 0.00760752 0.05601227
0.56930375 0.00769281 0.17656380 0.99833906 -0.01016963 0.00779474 0.05616923
0.56928629 0.00811009 0.17650737 0.99832797 -0.01029855 0.00796825 0.05631808
0.56927168 0.00847633 0.17645599 0.99831772 -0.01041484 0.00812417 0.05645740
0.56925762 0.00878775 0.17640752 0.99830794 -0.01052666 0.00827116 0.05658712
0.56924397 0.00904676 0.17636365 0.99829912 -0.01062900 0.00840539 0.05670319
0.56923187 0.00925446 0.17632149 0.99829072 -0.01072395 0.00853115 0.05681575
0.56922209 0.00940374 0.17628434 0.99828303 -0.01080608 0.00864178 0.05691744
0.56921548 0.00949419 0.17625612 0.99827707 -0.01086700 0.00872594 0.05699857
0.56921321 0.00952679 0.17623895 0.99827307 -0.01090264 0.00877410 0.05705237
0.56921494 0.00949742 0.17623094 0.99827111 -0.01091039 0.00878960 0.05708353
0.56922030 0.00940410 0.17623407 0.99827158 -0.01088762 0.00876808 0.05708332
0.56923103 0.00923978 0.17625648 0.99827451 -0.01082718 0.00871760 0.05705067
0.56924522 0.00902195 0.17628008 0.99827826 -0.01076394 0.00864291 0.05700887
0.56926262 0.00874270 0.17631182 0.99828386 -0.01067644 0.00853795 0.05694403
0.56928414 0.00840562 0.17635162 0.99829066 -0.01057267 0.00840896 0.05686337
0.56930840 0.00801190 0.17639934 0.99829900 -0.01044911 0.00825244 0.05676114
0.56933826 0.00756152 0.17645606 0.99830890 -0.01030236 0.00806576 0.05664104
0.56937027 0.00705280 0.17652030 0.99832016 -0.01014155 0.00785547 0.05650201
0.56940514 0.00649212 0.17659107 0.99833226 -0.00996774 0.00762540 0.05634908
0.56944370 0.00588115 0.17666873 0.99834543 -0.00977844 0.00737226 0.05618263
0.56948596 0.00522066 0.17675425 0.99835956 -0.00957495 0.00709516 0.05600277
0.56953019 0.00451167 0.17684545 0.99837440 -0.00936139 0.00680023 0.05580980
0.56957603 0.00375953 0.17694065 0.99838972 -0.00914127 0.00649095 0.05560911
0.56962502 0.00296778 0.17704041 0.99840528 -0.00891459 0.00616759 0.05540210
0.56967294 0.00213460 0.17714299 0.99842125 -0.00868303 0.00583333 0.05518699
0.56972593 0.00127086 0.17725158 0.99843717 -0.00844771 0.00548536 0.05497178
0.56977779 0.00037259 0.17736226 0.99845326 -0.00820959 0.00512850 0.05474952
0.56982964 -0.00055371 0.17747498 0.99846923 -0.00797009 0.00476378 0.05452509
0.56988293 -0.00150207 0.17758928 0.99848479 -0.00773269 0.00439543 0.05430490
0.56993628 -0.00247064 0.17770410 0.99849987 -0.00749814 0.00402510 0.05408825
0.56998813 -0.00345635 0.17781809 0.99851459 -0.00726891 0.00365680 0.05387451
0.57003999 -0.00445247 0.17793131 0.99852854 -0.00704646 0.00329250 0.05366900
0.57009441 -0.00545465 0.17804508 0.99854171 -0.00682706 0.00292701 0.05347281
0.57014430 -0.00646609 0.17815554 0.99855435 -0.00661933 0.00257212 0.05328083
0.57019198 -0.00747632 0.17826274 0.99856621 -0.00642025 0.00222713 0.05309871
0.57023811 -0.00848413 0.17836705 0.99857712 -0.00623077 0.00189239 0.05292776
0.57028455 -0.00948367 0.17846817 0.99858713 -0.00605076 0.00156683 0.05276987
0.57032597 -0.01047320 0.17856425 0.99859649 -0.00588465 0.00125885 0.05262120
0.57036448 -0.01144718 0.17865525 0.99860489 -0.00572836 0.00096595 0.05248453
0.57040232 -0.01240430 0.17874297 0.99861252 -0.00557983 0.00068325 0.05235999
0.57043701 -0.01334149 0.17882611 0.99861938 -0.00544602 0.00041944 0.05224510
0.57046801 -0.01424990 0.17890188 0.99862546 -0.00532269 0.00017464 0.05214249
0.57049686 -0.01512947 0.17897245 0.99863070 -0.00521123 -0.00005102 0.05205531
0.57052332 -0.01598092 0.17903751 0.99863505 -0.00511330 -0.00025827 0.05198007
0.57054377 -0.01679685 0.17909436 0.99863887 -0.00502831 -0.00044066 0.05191374
0.57056123 -0.01757171 0.17914334 0.99864179 -0.00495529 -0.00060052 0.05186176
0.57057613 -0.01830772 0.17918488 0.99864399 -0.00489289 -0.00073934 0.05182392
0.57058656 -0.01900353 0.17921986 0.99864578 -0.00484574 -0.00085527 0.05179265
0.57059383 -0.01964882 0.17924760 0.99864674 -0.00481051 -0.00094652 0.05177457
0.57059884 -0.02024527 0.17926806 0.99864715 -0.00478572 -0.00101644 0.05176974
0.57060003 -0.02079583 0.17928024 0.99864680 -0.00477207 -0.00106335 0.05177458
0.57059741 -0.02129260 0.17928636 0.99864620 -0.00477189 -0.00108689 0.05178653
0.57059228 -0.02173100 0.17928360 0.99864495 -0.00478154 -0.00108755 0.05181014
0.57058632 -0.02211528 0.17927489 0.99864292 -0.00480205 -0.00106657 0.05184823
0.57057565 -0.02244495 0.17925730 0.99864060 -0.00483489 -0.00102216 0.05189046
0.57056099 -0.02271449 0.17923200 0.99863791 -0.00487912 -0.00095391 0.05193920
0.57054609 -0.02292282 0.17920107 0.99863464 -0.00493151 -0.00086683 0.05199958
0.57053035 -0.02307372 0.17916492 0.99863070 -0.00499499 -0.00076175 0.05206961
0.57050961 -0.02316468 0.17912087 0.99862653 -0.00507170 -0.00063270 0.05214300
0.57048863 -0.02319207 0.17907226 0.99862206 -0.00515395 -0.00048840 0.05222302
0.57046765 -0.02315871 0.17901856 0.99861676 -0.00524741 -0.00032520 0.05231633
0.57044268 -0.02306793 0.17895705 0.99861133 -0.00535202 -0.00014246 0.05241061
0.57041675 -0.02291277 0.17888951 0.99860531 -0.00546706 0.00005889 0.05251357
0.57039094 -0.02269669 0.17881823 0.99859864 -0.00559074 0.00027543 0.05262661
0.57036322 -0.02242532 0.17874143 0.99859160 -0.00572366 0.00050789 0.05274343
0.57033372 -0.02209391 0.17865755 0.99858421 -0.00586730 0.00075758 0.05286419
0.57030404 -0.02170455 0.17857082 0.99857616 -0.00602096 0.00102240 0.05299385
0.57027370 -0.02126103 0.17848000 0.99856770 -0.00618291 0.00129962 0.05312996
0.57024246 -0.02076368 0.17838416 0.99855864 -0.00635505 0.00159085 0.05327058
0.57021010 -0.02021271 0.17828338 0.99854898 -0.00653779 0.00189787 0.05341903
0.57017690 -0.01961259 0.17817858 0.99853879 -0.00672960 0.00221735 0.05357328
0.57014340 -0.01896579 0.17807057 0.99852812 -0.00692981 0.00254697 0.05373215
0.57011008 -0.01827278 0.17795974 0.99851674 -0.00714010 0.00288862 0.05389806
0.57007575 -0.01753696 0.17784660 0.99850488 -0.00735974 0.00323969 0.05406914
0.57004035 -0.01676146 0.17773028 0.99849236 -0.00758833 0.00360107 0.05424544
