0.56683612 -0.00399074 0.17867613 0.99997222 0.00133049 -0.00236022 -0.00695521
0.56683201 -0.00367371 0.17866728 0.99996710 0.00359559 -0.00233471 -0.00689261
0.56682473 -0.00323139 0.17863929 0.99995303 0.00651288 -0.00229418 -0.00680049
0.56681657 -0.00280657 0.17860901 0.99993289 0.00919366 -0.00224125 -0.00669853
0.56680608 -0.00207284 0.17854401 0.99988377 0.01358425 -0.00220895 -0.00655853
0.56680942 -0.00131696 0.17853762 0.99980849 0.01833582 -0.00221705 -0.00647620
0.56680983 -0.00060550 0.17853785 0.99971932 0.02270526 -0.00220889 -0.00639637
0.56680453 0.00017344 0.17852068 0.99960715 0.02722591 -0.00217968 -0.00628679
0.56680048 0.00107249 0.17852047 0.99945307 0.03241360 -0.00216174 -0.00619531
0.56679785 0.00193422 0.17853360 0.99928749 0.03718650 -0.00212979 -0.00610239
0.56678963 0.00277435 0.17854092 0.99911559 0.04156756 -0.00206912 -0.00599869
0.56677479 0.00363065 0.17853758 0.99893415 0.04573894 -0.00197721 -0.00588026
0.56675762 0.00448842 0.17852968 0.99875212 0.04957700 -0.00185657 -0.00574765
0.56673688 0.00534751 0.17851365 0.99857253 0.05309159 -0.00170738 -0.00559873
0.56671304 0.00613340 0.17849508 0.99842173 0.05587476 -0.00152385 -0.00545104
0.56667799 0.00683398 0.17843989 0.99832469 0.05760747 -0.00127280 -0.00526884
0.56663597 0.00758235 0.17836064 0.99823505 0.05916435 -0.00098312 -0.00505638
0.56659287 0.00836665 0.17827222 0.99815243 0.06056482 -0.00066906 -0.00482285
0.56654614 0.00886967 0.17818134 0.99818808 0.05999428 -0.00029314 -0.00461969
0.56648076 0.00940776 0.17801741 0.99825853 0.05883163 0.00016582 -0.00433623
0.56641346 0.01002556 0.17784104 0.99832481 0.05771559 0.00064731 -0.00402544
0.56634837 0.01056261 0.17768991 0.99842799 0.05591476 0.00114328 -0.00373301
0.56626332 0.01085108 0.17748711 0.99864650 0.05187273 0.00170583 -0.00339644
0.56617504 0.01126509 0.17726441 0.99883801 0.04804546 0.00226170 -0.00304199
0.56609529 0.01177368 0.17705804 0.99900138 0.04451138 0.00277871 -0.00270082
0.56604534 0.01193446 0.17694926 0.99923307 0.03894848 0.00316757 -0.00252059
0.56597596 0.01215700 0.17676759 0.99945015 0.03288436 0.00360560 -0.00225930
0.56591046 0.01252102 0.17659235 0.99961770 0.02728164 0.00402385 -0.00199163
0.56586474 0.01283901 0.17648846 0.99976015 0.02138567 0.00436449 -0.00181237
0.56581742 0.01298531 0.17638808 0.99989080 0.01392079 0.00468832 -0.00164187
0.56576610 0.01330781 0.17624883 0.99996185 0.00697589 0.00507724 -0.00143087
0.56573892 0.01375237 0.17611848 0.99998409 0.00055254 0.00548643 -0.00122352
0.56572747 0.01403909 0.17606759 0.99995887 -0.00685465 0.00584149 -0.00111524
0.56570894 0.01445947 0.17599384 0.99988174 -0.01404309 0.00620014 -0.00096277
0.56569564 0.01502543 0.17593578 0.99976456 -0.02068055 0.00652391 -0.00081155
0.56569189 0.01567967 0.17590997 0.99961185 -0.02700818 0.00680572 -0.00068539
0.56569493 0.01641814 0.17590266 0.99942458 -0.03317094 0.00705904 -0.00056875
0.56570160 0.01728979 0.17590339 0.99921787 -0.03886455 0.00728565 -0.00045499
0.56571424 0.01828086 0.17591695 0.99899828 -0.04411834 0.00748080 -0.00034886
0.56572789 0.01952074 0.17590807 0.99880767 -0.04821539 0.00764662 -0.00022521
0.56575119 0.02086035 0.17592925 0.99862313 -0.05187976 0.00777054 -0.00014203
0.56578118 0.02229567 0.17596063 0.99844086 -0.05526251 0.00787050 -0.00006885
0.56580770 0.02394994 0.17595048 0.99830049 -0.05773193 0.00795275 0.00004728
0.56583846 0.02589976 0.17592640 0.99825060 -0.05858237 0.00799596 0.00013677
0.56588024 0.02789049 0.17593682 0.99820554 -0.05934370 0.00800401 0.00018430
0.56592506 0.02994231 0.17595196 0.99816334 -0.06004858 0.00800258 0.00022387
0.56595808 0.03245107 0.17585114 0.99825412 -0.05852258 0.00798279 0.00037440
0.56600583 0.03506412 0.17580751 0.99837995 -0.05634284 0.00792271 0.00042563
0.56605786 0.03769074 0.17578483 0.99849200 -0.05433064 0.00785261 0.00045197
0.56610882 0.04050810 0.17571236 0.99863249 -0.05169702 0.00776571 0.00056047
0.56614608 0.04372343 0.17558774 0.99887186 -0.04685700 0.00768489 0.00065033
0.56620151 0.04690960 0.17553149 0.99907494 -0.04232663 0.00756830 0.00068340
0.56625980 0.05009385 0.17549241 0.99924403 -0.03814918 0.00745404 0.00070321
0.56629974 0.05369634 0.17534761 0.99945790 -0.03208399 0.00734180 0.00085077
0.56635368 0.05734745 0.17527610 0.99964213 -0.02574689 0.00720805 0.00090173
0.56641322 0.06096353 0.17523873 0.99977654 -0.01990056 0.00707072 0.00092371
0.56646681 0.06470767 0.17517419 0.99987990 -0.01382798 0.00694102 0.00100188
0.56651551 0.06865406 0.17511114 0.99995297 -0.00682145 0.00681537 0.00106507
0.56657761 0.07255332 0.17509931 0.99997711 -0.00033849 0.00667310 0.00108598
0.56664163 0.07642805 0.17510588 0.99996215 0.00563627 0.00653762 0.00109251
0.56669939 0.08043542 0.17509587 0.99990797 0.01190150 0.00641197 0.00113282
0.56676465 0.08442883 0.17511919 0.99982142 0.01778805 0.00628167 0.00113543
0.56683367 0.08840890 0.17515767 0.99971104 0.02321255 0.00615495 0.00112490
0.56690764 0.09234374 0.17521495 0.99958885 0.02801013 0.00603431 0.00108963
0.56698638 0.09623773 0.17527953 0.99946648 0.03210360 0.00591773 0.00104276
0.56706423 0.10015537 0.17534034 0.99933922 0.03586495 0.00581127 0.00099942
0.56714410 0.10409481 0.17540359 0.99920952 0.03933001 0.00570744 0.00095696
0.56724834 0.10777940 0.17552096 0.99914062 0.04106176 0.00560349 0.00081918
0.56734240 0.11149628 0.17559499 0.99909043 0.04227698 0.00552356 0.00072649
0.56743383 0.11527823 0.17565891 0.99904323 0.04338824 0.00544673 0.00064641
0.56754476 0.11896132 0.17576870 0.99903035 0.04369664 0.00536847 0.00050590
0.56766814 0.12239531 0.17587224 0.99910587 0.04194325 0.00530642 0.00034086
0.56777519 0.12595300 0.17593567 0.99917519 0.04026699 0.00526172 0.00021843
0.56788141 0.12960507 0.17599525 0.99923670 0.03871500 0.00520891 0.00010956
0.56803489 0.13291678 0.17615291 0.99937475 0.03497684 0.00516421 -0.00010724
0.56816483 0.13625534 0.17624016 0.99951863 0.03059518 0.00514203 -0.00027099
0.56828696 0.13973320 0.17631513 0.99963468 0.02654010 0.00511175 -0.00041189
0.56843030 0.14317189 0.17644905 0.99974436 0.02202654 0.00507635 -0.00059396
0.56858993 0.14638737 0.17660159 0.99986488 0.01562303 0.00505286 -0.00079771
0.56872940 0.14977355 0.17672050 0.99994045 0.00963873 0.00502926 -0.00096481
0.56886584 0.15330210 0.17684177 0.99997854 0.00411487 0.00498259 -0.00112385
0.56903744 0.15663622 0.17705853 0.99998295 -0.00280857 0.00494319 -0.00134829
0.56919450 0.16007651 0.17724256 0.99993962 -0.00971937 0.00489682 -0.00154078
0.56934452 0.16367497 0.17742249 0.99985731 -0.01609796 0.00482863 -0.00172671
0.56950039 0.16733456 0.17763361 0.99973607 -0.02239752 0.00474763 -0.00193661
0.56966633 0.17101687 0.17787087 0.99956703 -0.02897602 0.00464791 -0.00215712
0.56982559 0.17485094 0.17809850 0.99937236 -0.03505421 0.00452930 -0.00237465
0.56998253 0.17881855 0.17832740 0.99916005 -0.04065931 0.00438905 -0.00259768
0.57013744 0.18293491 0.17855059 0.99894351 -0.04567289 0.00422198 -0.00283387
0.57029432 0.18717115 0.17877959 0.99872267 -0.05027103 0.00403368 -0.00309074
0.57045269 0.19151905 0.17901194 0.99850047 -0.05450684 0.00382638 -0.00336089
0.57060522 0.19607149 0.17920658 0.99831170 -0.05786109 0.00358444 -0.00360307
0.57074320 0.20085397 0.17936079 0.99818510 -0.06000388 0.00332505 -0.00388598
0.57089365 0.20570746 0.17954139 0.99806535 -0.06195760 0.00304359 -0.00420166
0.57104957 0.21063234 0.17973262 0.99795198 -0.06374723 0.00274950 -0.00454011
0.57117397 0.21598126 0.17977282 0.99797654 -0.06335764 0.00241274 -0.00477742
0.57130557 0.22141621 0.17984842 0.99803162 -0.06246864 0.00206774 -0.00512602
0.57145303 0.22688204 0.17996146 0.99808252 -0.06162810 0.00170434 -0.00551555
0.57159424 0.23254819 0.18000752 0.99818170 -0.05998123 0.00131172 -0.00581700
0.57170218 0.23856917 0.17994790 0.99839908 -0.05621719 0.00092560 -0.00617279
0.57183963 0.24457747 0.17997335 0.99858946 -0.05268061 0.00050682 -0.00660798
0.57199591 0.25057775 0.18005198 0.99875408 -0.04939514 0.00006878 -0.00710402
