0.56673557 -0.00630557 0.17949171 0.99998897 -0.00432819 -0.00179279 0.00042963
0.56672680 -0.00605600 0.17947195 0.99999535 -0.00247365 -0.00176156 0.00048627
0.56671458 -0.00572897 0.17942715 0.99999833 -0.00038129 -0.00171018 0.00057877
0.56670398 -0.00540567 0.17938122 0.99999726 0.00153780 -0.00164819 0.00068633
0.56668788 -0.00497871 0.17930616 0.99999082 0.00391388 -0.00158262 0.00082049
0.56668103 -0.00434146 0.17924687 0.99996889 0.00768447 -0.00156784 0.00092574
0.56667644 -0.00374602 0.17921193 0.99993598 0.01116848 -0.00155282 0.00100980
0.56666851 -0.00316658 0.17917596 0.99989504 0.01436549 -0.00151533 0.00109998
0.56665385 -0.00248815 0.17911401 0.99983829 0.01788229 -0.00146133 0.00122361
0.56664538 -0.00163066 0.17906895 0.99974620 0.02244473 -0.00143909 0.00132787
0.56663680 -0.00080611 0.17904115 0.99964297 0.02664506 -0.00140333 0.00142181
0.56662571 0.00001039 0.17901126 0.99953288 0.03049457 -0.00133872 0.00153213
0.56660628 0.00091411 0.17895803 0.99940133 0.03453421 -0.00124657 0.00167240
0.56659031 0.00195740 0.17891984 0.99922776 0.03923440 -0.00116706 0.00180516
0.56657445 0.00298255 0.17889220 0.99904889 0.04354906 -0.00106549 0.00193817
0.56655353 0.00400587 0.17885740 0.99886888 0.04749686 -0.00092793 0.00208684
0.56652558 0.00510000 0.17880480 0.99867100 0.05148429 -0.00075817 0.00226708
0.56649727 0.00629114 0.17875868 0.99844128 0.05575675 -0.00057971 0.00244825
0.56646717 0.00748053 0.17871433 0.99821514 0.05966240 -0.00037086 0.00263846
0.56643236 0.00867994 0.17865980 0.99799532 0.06322353 -0.00012356 0.00284864
0.56639183 0.00992339 0.17859100 0.99777222 0.06664288 0.00015897 0.00308467
0.56634778 0.01122630 0.17851782 0.99754047 0.07001197 0.00047082 0.00333299
0.56630057 0.01255039 0.17843665 0.99731982 0.07307220 0.00081956 0.00360202
0.56624866 0.01390354 0.17833862 0.99711257 0.07582825 0.00120568 0.00389985
0.56618357 0.01526223 0.17824212 0.99691975 0.07830048 0.00162309 0.00418929
0.56610972 0.01663149 0.17813632 0.99674773 0.08043373 0.00208330 0.00449180
0.56603730 0.01803806 0.17803107 0.99658579 0.08238608 0.00252843 0.00478471
0.56597078 0.01947773 0.17793518 0.99643272 0.08418792 0.00293875 0.00505951
0.56591278 0.02089472 0.17785662 0.99631190 0.08557892 0.00330746 0.00529399
0.56585556 0.02229094 0.17777267 0.99623746 0.08641332 0.00365490 0.00550830
0.56579953 0.02375243 0.17768481 0.99616843 0.08717740 0.00398511 0.00571915
0.56574851 0.02526581 0.17760286 0.99610418 0.08788062 0.00429171 0.00592118
0.56571954 0.02673332 0.17754236 0.99608344 0.08809298 0.00455290 0.00607087
0.56571686 0.02813228 0.17747393 0.99613750 0.08745706 0.00478745 0.00620307
0.56571537 0.02962201 0.17739764 0.99618816 0.08685541 0.00501406 0.00634624
0.56571817 0.03118061 0.17732677 0.99623489 0.08629477 0.00522077 0.00648440
0.56573290 0.03268674 0.17728254 0.99632549 0.08522534 0.00539637 0.00656460
0.56574547 0.03410104 0.17721367 0.99650466 0.08308601 0.00558621 0.00663680
0.56575537 0.03563338 0.17713028 0.99666739 0.08109021 0.00577623 0.00673136
0.56577021 0.03725516 0.17705435 0.99681419 0.07924367 0.00594729 0.00682713
0.56579900 0.03882294 0.17701237 0.99699557 0.07691348 0.00608951 0.00686136
0.56582463 0.04027493 0.17694366 0.99726349 0.07334126 0.00625545 0.00688869
0.56584775 0.04186926 0.17686018 0.99750096 0.07001704 0.00642365 0.00694944
0.56587595 0.04356982 0.17678715 0.99771047 0.06694496 0.00656992 0.00701395
0.56591856 0.04522357 0.17675442 0.99793833 0.06344312 0.00669104 0.00701761
0.56595790 0.04674749 0.17670009 0.99823272 0.05861222 0.00684243 0.00701581
0.56599301 0.04842903 0.17663087 0.99848479 0.05412405 0.00699419 0.00704888
0.56603366 0.05023342 0.17657384 0.99869984 0.04997719 0.00712174 0.00708927
0.56608891 0.05200085 0.17656319 0.99891472 0.04546785 0.00722748 0.00707086
0.56614375 0.05364386 0.17654257 0.99916172 0.03965032 0.00736171 0.00704923
0.56619287 0.05545496 0.17650688 0.99936032 0.03424883 0.00749528 0.00706451
0.56624663 0.05739799 0.17648382 0.99951786 0.02926040 0.00760144 0.00708443
0.56631529 0.05931971 0.17651092 0.99965799 0.02398443 0.00768644 0.00704846
0.56638515 0.06113531 0.17654052 0.99979150 0.01752198 0.00779957 0.00701531
0.56644809 0.06312304 0.17655435 0.99987769 0.01152980 0.00790542 0.00701006
0.56651551 0.06524949 0.17657977 0.99992561 0.00599504 0.00798416 0.00701067
0.56659669 0.06737315 0.17665528 0.99994338 0.00025177 0.00804591 0.00696585
0.56668043 0.06942303 0.17674312 0.99992222 -0.00645876 0.00812692 0.00691915
0.56675863 0.07164475 0.17681587 0.99986225 -0.01267785 0.00819844 0.00689935
0.56684124 0.07400855 0.17689730 0.99977279 -0.01841819 0.00824112 0.00688315
0.56693465 0.07639004 0.17702267 0.99964792 -0.02427447 0.00826985 0.00682718
0.56703174 0.07873728 0.17716701 0.99946755 -0.03081918 0.00830907 0.00676780
0.56712484 0.08124996 0.17729631 0.99926233 -0.03687859 0.00833577 0.00672917
0.56722063 0.08390099 0.17742917 0.99904060 -0.04247081 0.00833642 0.00669156
0.56732333 0.08659287 0.17759535 0.99878740 -0.04806828 0.00832587 0.00662114
0.56743228 0.08929923 0.17778151 0.99848264 -0.05404192 0.00831538 0.00654929
0.56753790 0.09215646 0.17795327 0.99816877 -0.05956781 0.00829047 0.00648825
0.56764555 0.09514353 0.17812386 0.99785209 -0.06466841 0.00824422 0.00642598
0.56775773 0.09820055 0.17831323 0.99751842 -0.06964135 0.00818628 0.00634241
0.56787497 0.10131553 0.17851561 0.99715501 -0.07467842 0.00812107 0.00625312
0.56799114 0.10456404 0.17870665 0.99679661 -0.07933360 0.00804079 0.00616591
0.56810904 0.10793217 0.17889404 0.99644685 -0.08362859 0.00794363 0.00607818
0.56822801 0.11139856 0.17908207 0.99610281 -0.08764695 0.00783354 0.00597935
0.56835008 0.11496258 0.17927095 0.99576306 -0.09144473 0.00771123 0.00586919
0.56847417 0.11863931 0.17945509 0.99543673 -0.09494865 0.00757521 0.00575547
0.56859946 0.12242026 0.17963481 0.99512488 -0.09818113 0.00742728 0.00563801
0.56872433 0.12632756 0.17979670 0.99484545 -0.10099155 0.00726134 0.00552167
0.56884819 0.13036638 0.17994413 0.99460793 -0.10332425 0.00708348 0.00538914
0.56897652 0.13449350 0.18009585 0.99438477 -0.10547042 0.00689334 0.00524366
0.56910717 0.13870785 0.18024647 0.99417490 -0.10745043 0.00669700 0.00509384
0.56923544 0.14307004 0.18036292 0.99401981 -0.10889471 0.00647849 0.00495790
0.56935829 0.14759427 0.18044826 0.99394143 -0.10962807 0.00624806 0.00479905
0.56948906 0.15218303 0.18055087 0.99387050 -0.11029130 0.00600708 0.00461868
0.56962383 0.15684035 0.18066007 0.99380493 -0.11090094 0.00576240 0.00442977
0.56975573 0.16165885 0.18072373 0.99380505 -0.11091930 0.00549400 0.00427138
0.56987745 0.16666572 0.18074083 0.99390841 -0.11001015 0.00521332 0.00408033
0.57001156 0.17171519 0.18079206 0.99400544 -0.10915226 0.00492209 0.00386016
0.57015175 0.17681304 0.18085992 0.99409503 -0.10835421 0.00462812 0.00362431
0.57028902 0.18207762 0.18087775 0.99424815 -0.10695928 0.00431007 0.00343388
0.57041222 0.18755132 0.18083790 0.99451548 -0.10446501 0.00398004 0.00320274
0.57055151 0.19304478 0.18084918 0.99475968 -0.10213470 0.00363731 0.00292880
0.57070047 0.19856723 0.18089122 0.99498117 -0.09997368 0.00329047 0.00263036
0.57084775 0.20425098 0.18088695 0.99525261 -0.09725302 0.00291747 0.00238535
0.57097811 0.21015581 0.18081893 0.99563092 -0.09331840 0.00253290 0.00208795
0.57112944 0.21606037 0.18082073 0.99596941 -0.08965177 0.00213069 0.00173439
0.57129461 0.22197273 0.18086904 0.99627119 -0.08625001 0.00171900 0.00133928
0.57146031 0.22803263 0.18088230 0.99660194 -0.08235264 0.00127751 0.00099762
0.57160819 0.23431228 0.18083465 0.99701428 -0.07721090 0.00082207 0.00058835
0.57178289 0.24057108 0.18087448 0.99737430 -0.07241881 0.00033993 0.00010041
0.57197690 0.24681495 0.18098004 0.99768746 -0.06796777 -0.00016403 -0.00045454
