0.56627530 -0.00476046 0.17851955 0.99997133 0.00041914 -0.00198090 -0.00730132
0.56626558 -0.00479841 0.17851573 0.99997216 0.00031763 -0.00187308 -0.00721907
0.56624341 -0.00476691 0.17845406 0.99997354 0.00018287 -0.00171328 -0.00707444
0.56622553 -0.00471393 0.17838684 0.99997485 0.00004756 -0.00154877 -0.00692036
0.56621653 -0.00464225 0.17831908 0.99997616 -0.00009334 -0.00137913 -0.00676596
0.56621730 -0.00455049 0.17825125 0.99997747 -0.00023401 -0.00120711 -0.00661074
0.56622708 -0.00443939 0.17818236 0.99997854 -0.00037867 -0.00102997 -0.00645576
0.56624895 -0.00429959 0.17811151 0.99997973 -0.00053006 -0.00084352 -0.00629820
0.56628430 -0.00413010 0.17803986 0.99998075 -0.00068498 -0.00065172 -0.00613861
0.56633091 -0.00393335 0.17796555 0.99998176 -0.00084639 -0.00045073 -0.00597812
0.56639433 -0.00370040 0.17788939 0.99998254 -0.00101644 -0.00023919 -0.00581465
0.56647557 -0.00342753 0.17781124 0.99998337 -0.00119215 -0.00001979 -0.00564451
0.56657243 -0.00311642 0.17772812 0.99998415 -0.00137657 0.00021237 -0.00546806
0.56668812 -0.00276551 0.17764199 0.99998474 -0.00157017 0.00045639 -0.00529087
0.56682479 -0.00236755 0.17755176 0.99998516 -0.00177389 0.00071329 -0.00510254
0.56698084 -0.00192810 0.17745829 0.99998558 -0.00198704 0.00098151 -0.00490893
0.56715858 -0.00144008 0.17735860 0.99998569 -0.00221252 0.00126642 -0.00470970
0.56735975 -0.00090244 0.17725477 0.99998569 -0.00244904 0.00156420 -0.00450060
0.56758362 -0.00031581 0.17714630 0.99998546 -0.00269717 0.00187594 -0.00428209
0.56783265 0.00032191 0.17703107 0.99998498 -0.00296140 0.00220591 -0.00405692
0.56810820 0.00101242 0.17691143 0.99998426 -0.00323790 0.00254947 -0.00382084
0.56840992 0.00175470 0.17678754 0.99998319 -0.00352919 0.00290734 -0.00357390
0.56873566 0.00255934 0.17665258 0.99998176 -0.00385231 0.00328404 -0.00331235
0.56908333 0.00342032 0.17652282 0.99997997 -0.00417101 0.00367153 -0.00304589
0.56945878 0.00433175 0.17638965 0.99997771 -0.00450563 0.00407737 -0.00276857
0.56986958 0.00529895 0.17625758 0.99997520 -0.00483549 0.00447881 -0.00249770
0.57031941 0.00632177 0.17613560 0.99997258 -0.00513941 0.00484735 -0.00224672
0.57080722 0.00739746 0.17602271 0.99996984 -0.00542259 0.00518757 -0.00201323
0.57133645 0.00852887 0.17591654 0.99996710 -0.00568497 0.00550401 -0.00180066
0.57190633 0.00971680 0.17581776 0.99996436 -0.00592673 0.00579673 -0.00160195
0.57251626 0.01096023 0.17572555 0.99996173 -0.00615054 0.00606710 -0.00141798
0.57319981 0.01224983 0.17563461 0.99995911 -0.00636429 0.00630307 -0.00125144
0.57393336 0.01358677 0.17555389 0.99995661 -0.00656843 0.00651455 -0.00110097
0.57470840 0.01497457 0.17547867 0.99995416 -0.00676066 0.00670666 -0.00096805
0.57553196 0.01642025 0.17540962 0.99995196 -0.00694060 0.00688052 -0.00085053
0.57640332 0.01792583 0.17534655 0.99994969 -0.00711071 0.00703829 -0.00073983
0.57731998 0.01948955 0.17528731 0.99994767 -0.00727028 0.00718087 -0.00063781
0.57828707 0.02111180 0.17523184 0.99994564 -0.00742042 0.00730890 -0.00055099
0.57930464 0.02279600 0.17518117 0.99994373 -0.00756311 0.00742346 -0.00046810
0.58036983 0.02453891 0.17513353 0.99994200 -0.00769776 0.00752538 -0.00039297
0.58148831 0.02634236 0.17508896 0.99994034 -0.00782603 0.00761724 -0.00032746
0.58265865 0.02820781 0.17504792 0.99993879 -0.00794923 0.00769705 -0.00026721
0.58387816 0.03013209 0.17500970 0.99993730 -0.00806415 0.00776654 -0.00021332
0.58515215 0.03211839 0.17497337 0.99993598 -0.00817436 0.00782776 -0.00016751
0.58647954 0.03416782 0.17494062 0.99993467 -0.00828177 0.00787824 -0.00012553
0.58785701 0.03627634 0.17490996 0.99993348 -0.00838405 0.00792020 -0.00008916
0.58928931 0.03844707 0.17488143 0.99993235 -0.00848371 0.00795466 -0.00006087
0.59077418 0.04068164 0.17485547 0.99993140 -0.00857937 0.00798088 -0.00003446
0.59230942 0.04297695 0.17483197 0.99993044 -0.00867123 0.00799912 -0.00001186
0.59389764 0.04533517 0.17481013 0.99992955 -0.00875896 0.00801063 0.00000303
0.59553629 0.04775648 0.17479052 0.99992877 -0.00884628 0.00801533 0.00001545
0.59722257 0.05023822 0.17477232 0.99992812 -0.00893009 0.00801378 0.00002390
0.59895784 0.05278317 0.17475627 0.99992740 -0.00901288 0.00800627 0.00002524
0.60074103 0.05539370 0.17474267 0.99992681 -0.00909215 0.00799143 0.00002572
0.60256737 0.05806463 0.17473070 0.99992621 -0.00917101 0.00797176 0.00002304
0.60443652 0.06079970 0.17472138 0.99992573 -0.00924724 0.00794530 0.00001379
0.60634607 0.06359865 0.17471433 0.99992526 -0.00932169 0.00791276 0.00000207
0.60829264 0.06646024 0.17470929 0.99992490 -0.00939590 0.00787455 -0.00001131
0.61027217 0.06938522 0.17470726 0.99992454 -0.00946754 0.00782996 -0.00003163
0.61228240 0.07237411 0.17470792 0.99992430 -0.00953823 0.00777960 -0.00005456
0.61431867 0.07542433 0.17471030 0.99992400 -0.00960743 0.00772423 -0.00008072
0.61637443 0.07853831 0.17471623 0.99992383 -0.00967580 0.00766283 -0.00011272
0.61844701 0.08171640 0.17472428 0.99992371 -0.00974268 0.00759631 -0.00014753
0.62053221 0.08495582 0.17473447 0.99992365 -0.00980824 0.00752479 -0.00018563
0.62261921 0.08825749 0.17474931 0.99992359 -0.00987315 0.00744659 -0.00023032
0.62470514 0.09162341 0.17476621 0.99992347 -0.00993693 0.00736314 -0.00027816
0.62678605 0.09505001 0.17478602 0.99992353 -0.00999975 0.00727475 -0.00033010
0.62884539 0.09853826 0.17481048 0.99992359 -0.01006216 0.00718045 -0.00038892
0.63088173 0.10209076 0.17483674 0.99992359 -0.01012266 0.00708216 -0.00045062
0.63289070 0.10570338 0.17486526 0.99992371 -0.01018220 0.00697875 -0.00051663
0.63485104 0.10937617 0.17490010 0.99992383 -0.01024067 0.00686806 -0.00059121
0.63676107 0.11311246 0.17493576 0.99992400 -0.01029724 0.00675458 -0.00066991
0.63861752 0.11690951 0.17497428 0.99992412 -0.01035249 0.00663656 -0.00075176
0.64039218 0.12076396 0.17501861 0.99992430 -0.01040846 0.00651210 -0.00084385
0.64208519 0.12468130 0.17506298 0.99992448 -0.01046246 0.00638610 -0.00094041
0.64369363 0.12865925 0.17510945 0.99992460 -0.01051641 0.00625736 -0.00104063
0.64518398 0.13269427 0.17516185 0.99992478 -0.01056892 0.00612170 -0.00115285
0.64655709 0.13679196 0.17521350 0.99992490 -0.01062083 0.00598663 -0.00127024
0.64781111 0.14095022 0.17526640 0.99992502 -0.01067322 0.00585002 -0.00139062
0.64890718 0.14516383 0.17532480 0.99992502 -0.01072508 0.00570744 -0.00152529
0.64984816 0.14944324 0.17538092 0.99992502 -0.01077843 0.00556713 -0.00166289
0.65063274 0.15378383 0.17543666 0.99992502 -0.01083231 0.00542671 -0.00180526
0.65121722 0.15817875 0.17549680 0.99992484 -0.01088893 0.00528294 -0.00196262
0.65160632 0.16263953 0.17555229 0.99992460 -0.01094675 0.00514346 -0.00212694
0.65180111 0.16716398 0.17560589 0.99992430 -0.01100957 0.00500548 -0.00229443
0.65175402 0.17174321 0.17566183 0.99992377 -0.01107824 0.00486684 -0.00247998
0.65147197 0.17639247 0.17571071 0.99992311 -0.01115119 0.00473529 -0.00267096
0.65095788 0.18110758 0.17575473 0.99992228 -0.01123154 0.00460690 -0.00286820
0.65016359 0.18587904 0.17579898 0.99992108 -0.01132214 0.00447887 -0.00308661
0.64909703 0.19072315 0.17583321 0.99991977 -0.01142263 0.00436038 -0.00331235
0.64776409 0.19563533 0.17586006 0.99991816 -0.01153594 0.00424653 -0.00354718
0.64611793 0.20060469 0.17588426 0.99991620 -0.01166654 0.00413388 -0.00380995
0.64416796 0.20564847 0.17589502 0.99991381 -0.01181453 0.00403261 -0.00408484
0.64192265 0.21076068 0.17589478 0.99991095 -0.01198262 0.00393730 -0.00437547
0.63933951 0.21592972 0.17588791 0.99990743 -0.01217800 0.00384420 -0.00470279
0.63642985 0.22116984 0.17586377 0.99990326 -0.01240236 0.00376183 -0.00505318
0.63320470 0.22647420 0.17582431 0.99989831 -0.01265961 0.00368565 -0.00543189
0.62963015 0.23182780 0.17577368 0.99989235 -0.01295751 0.00360990 -0.00586417
0.62571853 0.23724101 0.17570107 0.99988520 -0.01329911 0.00354344 -0.00634084
