0.56658131 -0.00511762 0.17864217 0.99997222 -0.00068510 -0.00168407 -0.00723360
0.56656802 -0.00515894 0.17863661 0.99997282 -0.00078022 -0.00158024 -0.00716481
0.56654668 -0.00513185 0.17857891 0.99997389 -0.00090784 -0.00142938 -0.00703112
0.56653184 -0.00508161 0.17851695 0.99997497 -0.00103450 -0.00127625 -0.00688670
0.56652194 -0.00501790 0.17845343 0.99997598 -0.00116622 -0.00111717 -0.00674356
0.56652135 -0.00493520 0.17838988 0.99997693 -0.00129700 -0.00095636 -0.00659886
0.56652677 -0.00483769 0.17832471 0.99997789 -0.00143182 -0.00079077 -0.00645572
0.56654376 -0.00471635 0.17825912 0.99997866 -0.00157183 -0.00061929 -0.00631170
0.56656986 -0.00457263 0.17819235 0.99997944 -0.00171566 -0.00044155 -0.00616826
0.56660879 -0.00440160 0.17812511 0.99998015 -0.00186336 -0.00025839 -0.00602002
0.56666011 -0.00420036 0.17805427 0.99998075 -0.00201821 -0.00006539 -0.00587163
0.56672484 -0.00396622 0.17798036 0.99998128 -0.00217938 0.00013679 -0.00571784
0.56680459 -0.00369916 0.17790490 0.99998182 -0.00234598 0.00034624 -0.00555870
0.56690085 -0.00339592 0.17782716 0.99998218 -0.00252110 0.00056571 -0.00539668
0.56701308 -0.00305645 0.17774703 0.99998236 -0.00270390 0.00079530 -0.00522996
0.56714040 -0.00268054 0.17766328 0.99998248 -0.00289476 0.00103551 -0.00505890
0.56728756 -0.00226163 0.17757456 0.99998248 -0.00309521 0.00128883 -0.00488130
0.56745327 -0.00180201 0.17748323 0.99998236 -0.00330454 0.00155240 -0.00469814
0.56763703 -0.00130071 0.17738670 0.99998200 -0.00352383 0.00182891 -0.00450639
0.56784177 -0.00075430 0.17728546 0.99998140 -0.00375587 0.00211972 -0.00430847
0.56806839 -0.00016259 0.17718104 0.99998069 -0.00399870 0.00242138 -0.00410154
0.56831598 0.00047341 0.17707187 0.99997967 -0.00425100 0.00273579 -0.00388586
0.56858665 0.00115674 0.17695743 0.99997842 -0.00451881 0.00306588 -0.00366331
0.56887573 0.00189223 0.17683539 0.99997675 -0.00481647 0.00341004 -0.00342510
0.56918108 0.00267594 0.17671631 0.99997485 -0.00510514 0.00376123 -0.00318682
0.56951362 0.00350651 0.17659631 0.99997252 -0.00540692 0.00412840 -0.00293973
0.56987053 0.00438571 0.17647195 0.99996996 -0.00572085 0.00450772 -0.00268378
0.57025719 0.00531076 0.17635463 0.99996710 -0.00601655 0.00486410 -0.00244212
0.57067662 0.00628176 0.17624542 0.99996430 -0.00629002 0.00519353 -0.00222326
0.57112914 0.00730164 0.17614439 0.99996150 -0.00654215 0.00549734 -0.00201904
0.57161367 0.00836852 0.17605014 0.99995869 -0.00677466 0.00577837 -0.00182967
0.57213354 0.00948559 0.17596298 0.99995601 -0.00699085 0.00603807 -0.00165548
0.57268625 0.01065124 0.17588106 0.99995339 -0.00718927 0.00627768 -0.00149568
0.57327282 0.01186645 0.17580490 0.99995083 -0.00737310 0.00649875 -0.00134635
0.57389480 0.01313149 0.17573291 0.99994838 -0.00754309 0.00670427 -0.00121175
0.57458186 0.01443487 0.17566314 0.99994606 -0.00771230 0.00687784 -0.00108424
0.57530868 0.01577483 0.17560145 0.99994385 -0.00787354 0.00703037 -0.00097518
0.57607287 0.01716379 0.17554444 0.99994171 -0.00802392 0.00716823 -0.00088094
0.57687402 0.01860468 0.17549184 0.99993980 -0.00816768 0.00729269 -0.00079287
0.57770967 0.02009509 0.17544252 0.99993789 -0.00830185 0.00740677 -0.00071188
0.57858378 0.02163698 0.17539631 0.99993610 -0.00842780 0.00750786 -0.00064324
0.57949626 0.02323269 0.17535402 0.99993443 -0.00854850 0.00759834 -0.00057697
0.58044392 0.02487820 0.17531370 0.99993289 -0.00866240 0.00767952 -0.00051784
0.58143127 0.02657698 0.17527741 0.99993140 -0.00876969 0.00775021 -0.00046683
0.58245564 0.02832917 0.17524263 0.99993002 -0.00887245 0.00781327 -0.00041958
0.58351618 0.03013256 0.17521101 0.99992877 -0.00896978 0.00786716 -0.00037739
0.58461446 0.03198931 0.17518063 0.99992758 -0.00906312 0.00791425 -0.00034224
0.58575010 0.03390078 0.17515314 0.99992651 -0.00915259 0.00795323 -0.00030979
0.58692038 0.03586390 0.17512679 0.99992537 -0.00923914 0.00798637 -0.00028020
0.58812720 0.03788059 0.17510350 0.99992442 -0.00932139 0.00801235 -0.00025766
0.58936846 0.03995186 0.17508110 0.99992359 -0.00940001 0.00803214 -0.00023714
0.59064227 0.04207543 0.17506036 0.99992275 -0.00947708 0.00804639 -0.00021961
0.59194833 0.04425269 0.17504126 0.99992192 -0.00955129 0.00805509 -0.00020801
0.59328604 0.04648529 0.17502409 0.99992126 -0.00962293 0.00805831 -0.00019805
0.59465241 0.04877044 0.17500865 0.99992061 -0.00969279 0.00805634 -0.00019052
0.59604555 0.05110996 0.17499459 0.99991995 -0.00975978 0.00805002 -0.00018821
0.59746403 0.05350413 0.17498203 0.99991947 -0.00982535 0.00803882 -0.00018769
0.59890562 0.05595080 0.17497122 0.99991900 -0.00988799 0.00802201 -0.00019045
0.60036564 0.05845109 0.17496148 0.99991852 -0.00995111 0.00800234 -0.00019781
0.60184342 0.06100587 0.17495359 0.99991810 -0.01001310 0.00797772 -0.00020713
0.60333711 0.06361490 0.17494786 0.99991769 -0.01007265 0.00794822 -0.00021669
0.60483915 0.06627818 0.17494421 0.99991739 -0.01013029 0.00791359 -0.00023242
0.60634834 0.06899675 0.17494164 0.99991703 -0.01018822 0.00787616 -0.00024893
0.60786164 0.07176792 0.17494030 0.99991679 -0.01024371 0.00783521 -0.00026772
0.60937011 0.07459316 0.17494196 0.99991661 -0.01029956 0.00778943 -0.00029229
0.61087227 0.07747354 0.17494437 0.99991643 -0.01035345 0.00774074 -0.00031766
0.61236578 0.08040593 0.17494917 0.99991626 -0.01040810 0.00768799 -0.00034497
0.61383760 0.08339277 0.17495659 0.99991608 -0.01046187 0.00763076 -0.00037758
0.61528707 0.08643402 0.17496589 0.99991596 -0.01051480 0.00757039 -0.00041291
0.61671156 0.08952885 0.17497593 0.99991596 -0.01056618 0.00750691 -0.00044880
0.61809462 0.09267694 0.17499031 0.99991590 -0.01061690 0.00743800 -0.00049138
0.61943567 0.09587910 0.17500499 0.99991584 -0.01066840 0.00736833 -0.00053528
0.62073284 0.09913454 0.17502180 0.99991584 -0.01071817 0.00729460 -0.00058163
0.62196559 0.10244159 0.17504287 0.99991578 -0.01076823 0.00721568 -0.00063520
0.62313384 0.10580490 0.17506333 0.99991584 -0.01081777 0.00713664 -0.00069008
0.62423629 0.10922086 0.17508562 0.99991584 -0.01086742 0.00705469 -0.00074669
0.62524885 0.11268792 0.17511316 0.99991584 -0.01091850 0.00696725 -0.00081139
0.62617248 0.11621128 0.17514026 0.99991584 -0.01096761 0.00687927 -0.00087789
0.62700599 0.11978732 0.17516848 0.99991584 -0.01101762 0.00678897 -0.00094775
0.62772191 0.12341478 0.17520183 0.99991584 -0.01106751 0.00669342 -0.00102556
0.62832230 0.12709847 0.17523409 0.99991584 -0.01111966 0.00659955 -0.00110572
0.62880731 0.13083640 0.17526689 0.99991572 -0.01117152 0.00650334 -0.00118797
0.62914562 0.13462539 0.17530455 0.99991566 -0.01122570 0.00640315 -0.00128039
0.62934130 0.13847181 0.17534073 0.99991560 -0.01128232 0.00630414 -0.00137523
0.62939537 0.14237350 0.17537704 0.99991536 -0.01134062 0.00620401 -0.00147275
0.62927490 0.14632736 0.17541802 0.99991524 -0.01140112 0.00609934 -0.00158165
0.62898439 0.15034050 0.17545588 0.99991494 -0.01146525 0.00599760 -0.00169331
0.62852693 0.15441011 0.17549275 0.99991453 -0.01153398 0.00589609 -0.00180794
0.62786847 0.15853091 0.17553377 0.99991405 -0.01160753 0.00579041 -0.00193765
0.62701541 0.16271354 0.17557073 0.99991345 -0.01168698 0.00568807 -0.00207089
0.62597203 0.16695404 0.17560580 0.99991262 -0.01177329 0.00558704 -0.00220820
0.62470591 0.17124741 0.17564341 0.99991179 -0.01186705 0.00548238 -0.00236180
0.62322438 0.17560321 0.17567573 0.99991071 -0.01197106 0.00538146 -0.00252194
0.62153417 0.18001737 0.17570490 0.99990940 -0.01208502 0.00528198 -0.00268879
0.61960536 0.18448362 0.17573488 0.99990791 -0.01221150 0.00517911 -0.00287623
0.61744702 0.18901302 0.17575836 0.99990612 -0.01235080 0.00507993 -0.00307318
0.61506706 0.19359963 0.17577663 0.99990398 -0.01250631 0.00498289 -0.00328100
0.61244279 0.19823802 0.17579418 0.99990159 -0.01267874 0.00488180 -0.00351477
0.60958338 0.20293514 0.17580393 0.99989867 -0.01287103 0.00478393 -0.00376421
