0.56681526 -0.00541140 0.17901273 0.99996787 -0.00046510 -0.00231689 -0.00765949
0.56680173 -0.00545358 0.17900749 0.99996865 -0.00056314 -0.00221181 -0.00758703
0.56677997 -0.00542705 0.17894907 0.99996996 -0.00069082 -0.00205982 -0.00745264
0.56676316 -0.00537893 0.17888670 0.99997115 -0.00082046 -0.00190473 -0.00730689
0.56675291 -0.00531500 0.17882344 0.99997246 -0.00095201 -0.00174582 -0.00716071
0.56674951 -0.00523425 0.17875955 0.99997360 -0.00108385 -0.00158453 -0.00701416
0.56675327 -0.00513727 0.17869470 0.99997473 -0.00121921 -0.00141907 -0.00686643
0.56676495 -0.00502113 0.17862830 0.99997568 -0.00135970 -0.00124621 -0.00672192
0.56678605 -0.00488285 0.17856190 0.99997669 -0.00150448 -0.00106919 -0.00657680
0.56681871 -0.00471798 0.17849545 0.99997759 -0.00165147 -0.00088775 -0.00642759
0.56686312 -0.00452527 0.17842640 0.99997842 -0.00180525 -0.00069726 -0.00627867
0.56692034 -0.00430043 0.17835593 0.99997926 -0.00196463 -0.00049937 -0.00612332
0.56699032 -0.00404549 0.17828327 0.99997997 -0.00213015 -0.00029385 -0.00596556
0.56707281 -0.00375656 0.17820551 0.99998057 -0.00230366 -0.00007510 -0.00580502
0.56717110 -0.00342918 0.17812458 0.99998105 -0.00248325 0.00015163 -0.00563712
0.56728309 -0.00306698 0.17803983 0.99998140 -0.00267136 0.00039023 -0.00546347
0.56741148 -0.00266741 0.17795201 0.99998170 -0.00286919 0.00064033 -0.00528712
0.56755739 -0.00222712 0.17786247 0.99998188 -0.00307429 0.00089878 -0.00510431
0.56771988 -0.00174717 0.17776835 0.99998188 -0.00328982 0.00116920 -0.00491314
0.56790018 -0.00122616 0.17766987 0.99998164 -0.00351650 0.00145286 -0.00471815
0.56809968 -0.00066008 0.17756671 0.99998128 -0.00375348 0.00174946 -0.00451277
0.56831759 -0.00005270 0.17746027 0.99998069 -0.00400054 0.00205666 -0.00430031
0.56855571 0.00059989 0.17734820 0.99997979 -0.00426161 0.00237888 -0.00408118
0.56881517 0.00129844 0.17723282 0.99997866 -0.00453341 0.00271326 -0.00385086
0.56908476 0.00204996 0.17710994 0.99997717 -0.00483310 0.00305855 -0.00360809
0.56937593 0.00284098 0.17699274 0.99997538 -0.00512666 0.00341481 -0.00336824
0.56968975 0.00367946 0.17687093 0.99997324 -0.00543594 0.00378835 -0.00311443
0.57002848 0.00456416 0.17675048 0.99997079 -0.00574040 0.00415635 -0.00286289
0.57039678 0.00549266 0.17663832 0.99996835 -0.00602341 0.00449771 -0.00263232
0.57079554 0.00646877 0.17653361 0.99996579 -0.00628334 0.00481254 -0.00241789
0.57122248 0.00748773 0.17643642 0.99996328 -0.00652522 0.00510418 -0.00221878
0.57168049 0.00855145 0.17634584 0.99996078 -0.00674874 0.00537378 -0.00203881
0.57217014 0.00966384 0.17626175 0.99995828 -0.00695533 0.00562245 -0.00187052
0.57268882 0.01081987 0.17618304 0.99995589 -0.00714749 0.00585312 -0.00171558
0.57324183 0.01202588 0.17610998 0.99995363 -0.00732374 0.00606483 -0.00157429
0.57382631 0.01327987 0.17604101 0.99995136 -0.00748754 0.00626165 -0.00144254
0.57445508 0.01457802 0.17597470 0.99994922 -0.00764233 0.00643629 -0.00131880
0.57514244 0.01590613 0.17591529 0.99994719 -0.00780022 0.00658226 -0.00121186
0.57586277 0.01727778 0.17586058 0.99994528 -0.00794703 0.00671297 -0.00111951
0.57661623 0.01869519 0.17581055 0.99994349 -0.00808549 0.00683141 -0.00103486
0.57740676 0.02016352 0.17576334 0.99994177 -0.00821418 0.00693840 -0.00096040
0.57823306 0.02168166 0.17571948 0.99994016 -0.00833768 0.00703567 -0.00089044
0.57909399 0.02324886 0.17567880 0.99993861 -0.00845206 0.00712121 -0.00082757
0.57999384 0.02486542 0.17564012 0.99993718 -0.00856388 0.00719917 -0.00077202
0.58093137 0.02653240 0.17560519 0.99993581 -0.00866783 0.00726622 -0.00072172
0.58190465 0.02824885 0.17557116 0.99993455 -0.00876707 0.00732619 -0.00067622
0.58291835 0.03001641 0.17553946 0.99993336 -0.00886106 0.00737894 -0.00063690
0.58397180 0.03183583 0.17551109 0.99993223 -0.00895172 0.00742370 -0.00060005
0.58506221 0.03370403 0.17548338 0.99993116 -0.00903726 0.00746173 -0.00056781
0.58619398 0.03562380 0.17545691 0.99993020 -0.00912088 0.00749463 -0.00054159
0.58736521 0.03759441 0.17543194 0.99992931 -0.00919956 0.00752121 -0.00051890
0.58857566 0.03961570 0.17540932 0.99992847 -0.00927591 0.00754184 -0.00049741
0.58982801 0.04168855 0.17538749 0.99992764 -0.00935006 0.00755751 -0.00048222
0.59112120 0.04381330 0.17536776 0.99992687 -0.00942087 0.00756663 -0.00046890
0.59245265 0.04598732 0.17534915 0.99992621 -0.00948960 0.00757182 -0.00045926
0.59382641 0.04821330 0.17533189 0.99992561 -0.00955546 0.00757188 -0.00045425
0.59524012 0.05049247 0.17531523 0.99992502 -0.00961983 0.00756806 -0.00045046
0.59669232 0.05282185 0.17529936 0.99992442 -0.00968295 0.00756031 -0.00044866
0.59818554 0.05520397 0.17528471 0.99992394 -0.00974441 0.00754863 -0.00045096
0.59971839 0.05763863 0.17527203 0.99992353 -0.00980282 0.00753146 -0.00045542
0.60128766 0.06012288 0.17525965 0.99992305 -0.00986159 0.00751168 -0.00046136
0.60289627 0.06266052 0.17524880 0.99992263 -0.00991940 0.00748771 -0.00047060
0.60454172 0.06525061 0.17523925 0.99992234 -0.00997496 0.00745922 -0.00048226
0.60622138 0.06789107 0.17523032 0.99992204 -0.01003009 0.00742811 -0.00049582
0.60793644 0.07058382 0.17522281 0.99992174 -0.01008344 0.00739294 -0.00051492
0.60968494 0.07332933 0.17521667 0.99992144 -0.01013690 0.00735444 -0.00053432
0.61146486 0.07612537 0.17521286 0.99992126 -0.01018852 0.00731105 -0.00055617
0.61327451 0.07897371 0.17521012 0.99992102 -0.01023936 0.00726491 -0.00058251
0.61511201 0.08187497 0.17520811 0.99992090 -0.01028931 0.00721544 -0.00061048
0.61697578 0.08482751 0.17520770 0.99992067 -0.01033890 0.00716227 -0.00063926
0.61886257 0.08783179 0.17520918 0.99992061 -0.01038849 0.00710541 -0.00067312
0.62077051 0.09088855 0.17521214 0.99992049 -0.01043636 0.00704437 -0.00071010
0.62269694 0.09399635 0.17521659 0.99992037 -0.01048386 0.00698084 -0.00074780
0.62463742 0.09715523 0.17522365 0.99992031 -0.01053071 0.00691336 -0.00079101
0.62659049 0.10036650 0.17523256 0.99992037 -0.01057619 0.00684088 -0.00083762
0.62855321 0.10362826 0.17524359 0.99992037 -0.01062173 0.00676578 -0.00088502
0.63051856 0.10694111 0.17525724 0.99992037 -0.01066673 0.00668615 -0.00093886
0.63248479 0.11030670 0.17527249 0.99992043 -0.01070952 0.00660306 -0.00099524
0.63444972 0.11372081 0.17529021 0.99992049 -0.01075172 0.00651586 -0.00105517
0.63640338 0.11718585 0.17531128 0.99992049 -0.01079392 0.00642425 -0.00112103
0.63834500 0.12070288 0.17533468 0.99992061 -0.01083404 0.00632828 -0.00119001
0.64027143 0.12426940 0.17535962 0.99992067 -0.01087427 0.00622970 -0.00126180
0.64217007 0.12788378 0.17538901 0.99992079 -0.01091504 0.00612611 -0.00134106
0.64404005 0.13155068 0.17542008 0.99992090 -0.01095271 0.00601876 -0.00142382
0.64587945 0.13526654 0.17545342 0.99992102 -0.01098949 0.00590807 -0.00150961
0.64767200 0.13903010 0.17549175 0.99992114 -0.01102603 0.00579196 -0.00160407
0.64941722 0.14284457 0.17553082 0.99992132 -0.01106036 0.00567335 -0.00170262
0.65111345 0.14670686 0.17557229 0.99992144 -0.01109368 0.00555152 -0.00180576
0.65274084 0.15061492 0.17561871 0.99992156 -0.01112753 0.00542510 -0.00191858
0.65429991 0.15457289 0.17566571 0.99992168 -0.01116031 0.00529772 -0.00203625
0.65578985 0.15857925 0.17571467 0.99992174 -0.01119161 0.00516635 -0.00215816
0.65718657 0.16262999 0.17576760 0.99992174 -0.01122332 0.00503165 -0.00229148
0.65849251 0.16673200 0.17582071 0.99992180 -0.01125389 0.00489610 -0.00242898
0.65970641 0.17088158 0.17587490 0.99992180 -0.01128352 0.00475901 -0.00257103
0.66080153 0.17507343 0.17593260 0.99992168 -0.01131457 0.00461835 -0.00272678
0.66178083 0.17931673 0.17598972 0.99992150 -0.01134431 0.00447816 -0.00288740
0.66264397 0.18360646 0.17604685 0.99992120 -0.01137549 0.00433809 -0.00305366
0.66336155 0.18793800 0.17610686 0.99992096 -0.01140803 0.00419503 -0.00323494
0.66393715 0.19232009 0.17616367 0.99992049 -0.01144177 0.00405574 -0.00342195
0.66437185 0.19675073 0.17621906 0.99992001 -0.01147723 0.00391722 -0.00361425
0.66463351 0.20122124 0.17627564 0.99991930 -0.01151651 0.00377816 -0.00382370
0.66472673 0.20574281 0.17632717 0.99991840 -0.01155961 0.00364399 -0.00404149
0.66465431 0.21031231 0.17637521 0.99991739 -0.01160651 0.00351208 -0.00426686
0.66438246 0.21492206 0.17642274 0.99991614 -0.01165974 0.00338131 -0.00451098
0.66391599 0.21958262 0.17646176 0.99991471 -0.01172012 0.00325900 -0.00476519
0.66325986 0.22429168 0.17649546 0.99991298 -0.01178747 0.00313944 -0.00503019
0.66237938 0.22903806 0.17652570 0.99991095 -0.01186657 0.00302321 -0.00531955
0.66128129 0.23383597 0.17654577 0.99990851 -0.01195693 0.00291568 -0.00562186
0.65997148 0.23868112 0.17655709 0.99990571 -0.01205707 0.00281221 -0.00594152
0.65841591 0.24356055 0.17656219 0.99990249 -0.01217550 0.00271302 -0.00629312
0.65662289 0.24848880 0.17655425 0.99989867 -0.01231003 0.00262254 -0.00666557
0.65459871 0.25345919 0.17653434 0.99989414 -0.01246422 0.00253862 -0.00706412
0.65231317 0.25845712 0.17650554 0.99988890 -0.01264286 0.00245696 -0.00751014
0.64977443 0.26349443 0.17645897 0.99988270 -0.01284719 0.00238460 -0.00799450
0.64699203 0.26856354 0.17639804 0.99987549 -0.01307946 0.00231642 -0.00852344
0.64393896 0.27364448 0.17632408 0.99986678 -0.01334798 0.00224894 -0.00912648
0.64062512 0.27874395 0.17622930 0.99985635 -0.01365793 0.00218719 -0.00979952
0.63706148 0.28384805 0.17611529 0.99984390 -0.01401097 0.00212532 -0.01056021
0.63323349 0.28889397 0.17600644 0.99982721 -0.01446366 0.00203270 -0.01149907
0.62916207 0.29381236 0.17589299 0.99980450 -0.01498997 0.00188428 -0.01275313
0.62490618 0.29869261 0.17568706 0.99977887 -0.01553231 0.00177461 -0.01406708
0.62075269 0.30366495 0.17531101 0.99976242 -0.01590621 0.00185382 -0.01478822
0.61681455 0.30851492 0.17491855 0.99975371 -0.01613861 0.00202781 -0.01509771
0.61311638 0.31315085 0.17455572 0.99975097 -0.01625293 0.00225163 -0.01512517
0.60965705 0.31754068 0.17423078 0.99975270 -0.01627577 0.00250536 -0.01494886
0.60642719 0.32167649 0.17394285 0.99975753 -0.01622969 0.00277835 -0.01461874
0.60341597 0.32555979 0.17368798 0.99976480 -0.01612991 0.00306255 -0.01417571
0.60061032 0.32919887 0.17346306 0.99977332 -0.01599187 0.00335234 -0.01364837
0.59799892 0.33260080 0.17326464 0.99978280 -0.01582640 0.00364262 -0.01306254
0.59557003 0.33577630 0.17308983 0.99979258 -0.01564210 0.00393063 -0.01243617
0.59331596 0.33874136 0.17292520 0.99980259 -0.01544106 0.00419974 -0.01177943
0.59122664 0.34151641 0.17270271 0.99981296 -0.01519722 0.00443834 -0.01110746
0.58928627 0.34409696 0.17238101 0.99982285 -0.01494735 0.00466228 -0.01044273
0.58748239 0.34649104 0.17195006 0.99983203 -0.01470494 0.00488073 -0.00979288
0.58580631 0.34871012 0.17141441 0.99984038 -0.01447165 0.00509441 -0.00916221
0.58424997 0.35076502 0.17078160 0.99984789 -0.01425022 0.00530338 -0.00855282
0.58280635 0.35266548 0.17005923 0.99985451 -0.01404154 0.00550562 -0.00796920
0.58146840 0.35442269 0.16925453 0.99986053 -0.01384491 0.00570023 -0.00741285
0.58020955 0.35608250 0.16835609 0.99986666 -0.01364642 0.00592166 -0.00675054
0.57904065 0.35763380 0.16741751 0.99987209 -0.01344889 0.00612748 -0.00611860
0.57796490 0.35906437 0.16642362 0.99987686 -0.01326358 0.00631243 -0.00553736
0.57697546 0.36037487 0.16537088 0.99988079 -0.01309490 0.00648284 -0.00500823
0.57606560 0.36157387 0.16426216 0.99988401 -0.01294088 0.00664061 -0.00452860
0.57522953 0.36266965 0.16310157 0.99988663 -0.01280195 0.00678676 -0.00409369
0.57446080 0.36367109 0.16189347 0.99988890 -0.01267541 0.00692290 -0.00369936
0.57375437 0.36458597 0.16064124 0.99989074 -0.01256180 0.00704890 -0.00334316
0.57310498 0.36542186 0.15934877 0.99989218 -0.01245809 0.00716561 -0.00302069
0.57250822 0.36618459 0.15801914 0.99989343 -0.01236582 0.00727499 -0.00272841
0.57195956 0.36688149 0.15665561 0.99989432 -0.01228034 0.00737590 -0.00246518
0.57145560 0.36751732 0.15526117 0.99989522 -0.01220399 0.00746924 -0.00222660
0.57099241 0.36809778 0.15383747 0.99989581 -0.01213491 0.00755554 -0.00201159
0.57056665 0.36862725 0.15238765 0.99989629 -0.01207357 0.00763637 -0.00181669
0.57017523 0.36911106 0.15091343 0.99989671 -0.01201486 0.00771075 -0.00164135
0.56981558 0.36955163 0.14941709 0.99989706 -0.01196408 0.00777978 -0.00148241
0.56948477 0.36995292 0.14789981 0.99989736 -0.01191920 0.00784528 -0.00133864
0.56918067 0.37031949 0.14636382 0.99989754 -0.01187724 0.00790489 -0.00120940
0.56890070 0.37065348 0.14481027 0.99989766 -0.01183987 0.00796133 -0.00109288
0.56864345 0.37095696 0.14324063 0.99989772 -0.01180547 0.00801384 -0.00098830
0.56840712 0.37123382 0.14165686 0.99989784 -0.01177424 0.00806195 -0.00089385
0.56818950 0.37148562 0.14005983 0.99989784 -0.01174718 0.00810689 -0.00080848
0.56798971 0.37171435 0.13845037 0.99989784 -0.01172310 0.00814766 -0.00073172
0.56780583 0.37192312 0.13682963 0.99989784 -0.01169991 0.00818592 -0.00066179
0.56763649 0.37211186 0.13519812 0.99989784 -0.01167852 0.00822169 -0.00060037
0.56748056 0.37228313 0.13355671 0.99989784 -0.01166207 0.00825626 -0.00054458
0.56733775 0.37246209 0.13190031 0.99989778 -0.01164550 0.00828737 -0.00048625
0.56720167 0.37263945 0.13023053 0.99989766 -0.01163167 0.00831968 -0.00042135
0.56707489 0.37280607 0.12855385 0.99989760 -0.01161760 0.00835055 -0.00035694
0.56695849 0.37295905 0.12687166 0.99989760 -0.01160461 0.00837874 -0.00029581
0.56685185 0.37309813 0.12518419 0.99989748 -0.01159364 0.00840485 -0.00023847
0.56675369 0.37322593 0.12349106 0.99989742 -0.01158208 0.00842947 -0.00018510
0.56666392 0.37334311 0.12179463 0.99989736 -0.01157206 0.00845194 -0.00013428
0.56658214 0.37344825 0.12009379 0.99989730 -0.01156259 0.00847280 -0.00008689
0.56650710 0.37354302 0.11838843 0.99989724 -0.01155525 0.00849241 -0.00004344
0.56643838 0.37362903 0.11668040 0.99989712 -0.01154768 0.00851023 -0.00000276
0.56637609 0.37370640 0.11496986 0.99989712 -0.01154137 0.00852609 0.00003447
0.56631863 0.37377608 0.11325517 0.99989700 -0.01153606 0.00854224 0.00007016
0.56626570 0.37383994 0.11153820 0.99989700 -0.01152933 0.00855672 0.00010394
0.56621766 0.37389642 0.10981829 0.99989688 -0.01152414 0.00857055 0.00013492
0.56617433 0.37394759 0.10809680 0.99989676 -0.01152038 0.00858265 0.00016426
0.56613415 0.37399408 0.10637257 0.99989676 -0.01151568 0.00859469 0.00019243
0.56609762 0.37403539 0.10464673 0.99989676 -0.01151180 0.00860566 0.00021922
0.56606042 0.37406006 0.10292128 0.99989665 -0.01150739 0.00861454 0.00023140
0.56602263 0.37405303 0.10120048 0.99989665 -0.01150322 0.00862271 0.00021596
0.56599057 0.37403819 0.09947908 0.99989665 -0.01150125 0.00862837 0.00019539
0.56596071 0.37402233 0.09775518 0.99989665 -0.01149648 0.00863349 0.00017476
0.56593299 0.37400579 0.09602915 0.99989665 -0.01149416 0.00863874 0.00015532
0.56590724 0.37398958 0.09430192 0.99989665 -0.01149100 0.00864285 0.00013750
0.56588286 0.37397301 0.09257235 0.99989665 -0.01148939 0.00864780 0.00012033
0.56586021 0.37395674 0.09084211 0.99989665 -0.01148689 0.00865209 0.00010463
0.56583881 0.37394008 0.08910935 0.99989665 -0.01148373 0.00865638 0.00008966
0.56581867 0.37392297 0.08737528 0.99989665 -0.01148129 0.00866085 0.00007480
0.56580007 0.37390628 0.08564024 0.99989665 -0.01147926 0.00866473 0.00006142
0.56578261 0.37388986 0.08390412 0.99989665 -0.01147622 0.00866807 0.00004861
0.56576604 0.37387291 0.08216687 0.99989665 -0.01147348 0.00867212 0.00003630
0.56575078 0.37385604 0.08042980 0.99989665 -0.01147020 0.00867492 0.00002496
0.56573468 0.37384132 0.07869054 0.99989665 -0.01146817 0.00867856 0.00001610
0.56571931 0.37382758 0.07695165 0.99989665 -0.01146448 0.00868106 0.00000792
0.56570494 0.37381268 0.07521112 0.99989665 -0.01146215 0.00868422 0.00000005
0.56569159 0.37379739 0.07347007 0.99989665 -0.01145852 0.00868702 -0.00000831
0.56567889 0.37378234 0.07172897 0.99989665 -0.01145452 0.00868988 -0.00001614
0.56566650 0.37376744 0.06998716 0.99989665 -0.01145136 0.00869364 -0.00002307
0.56565362 0.37375468 0.06824504 0.99989665 -0.01144677 0.00869590 -0.00002923
0.56564164 0.37374082 0.06650136 0.99989676 -0.01144427 0.00869828 -0.00003391
0.56563050 0.37372622 0.06475765 0.99989676 -0.01144105 0.00870055 -0.00003960
0.56561995 0.37371114 0.06301364 0.99989676 -0.01143813 0.00870323 -0.00004445
0.56560886 0.37369758 0.06126908 0.99989676 -0.01143503 0.00870526 -0.00004919
0.56559807 0.37368420 0.05952420 0.99989676 -0.01143241 0.00870693 -0.00005322
0.56558776 0.37367001 0.05777840 0.99989676 -0.01142883 0.00871003 -0.00005752
0.56557798 0.37365589 0.05603326 0.99989676 -0.01142609 0.00871271 -0.00006117
0.56556726 0.37364331 0.05428687 0.99989682 -0.01142204 0.00871527 -0.00006430
0.56555766 0.37362999 0.05254075 0.99989688 -0.01141858 0.00871718 -0.00006754
0.56554848 0.37361604 0.05079435 0.99989688 -0.01141608 0.00871944 -0.00007031
0.56553888 0.37360299 0.04904768 0.99989688 -0.01141322 0.00872117 -0.00007275
0.56552935 0.37358987 0.04730069 0.99989688 -0.01140970 0.00872380 -0.00007503
0.56552035 0.37357527 0.04555260 0.99989688 -0.01140755 0.00872666 -0.00007779
0.56551069 0.37356254 0.04380513 0.99989688 -0.01140326 0.00872821 -0.00008052
0.56550181 0.37354854 0.04205667 0.99989688 -0.01140147 0.00873119 -0.00008207
0.56549323 0.37353513 0.04030871 0.99989688 -0.01139784 0.00873297 -0.00008380
0.56548375 0.37352297 0.03856104 0.99989700 -0.01139349 0.00873530 -0.00008551
0.56547546 0.37350997 0.03681406 0.99989700 -0.01138955 0.00873673 -0.00008675
0.56546670 0.37349713 0.03506595 0.99989700 -0.01138657 0.00873834 -0.00008826
0.56545806 0.37348339 0.03331715 0.99989700 -0.01138377 0.00874096 -0.00008945
0.56544983 0.37346965 0.03156837 0.99989700 -0.01138133 0.00874221 -0.00009106
0.56544143 0.37345660 0.02981981 0.99989700 -0.01137793 0.00874376 -0.00009243
0.56543291 0.37344319 0.02807082 0.99989712 -0.01137525 0.00874656 -0.00009354
0.56542397 0.37343067 0.02632196 0.99989712 -0.01137167 0.00874871 -0.00009421
0.56541562 0.37341779 0.02457380 0.99989712 -0.01136690 0.00875068 -0.00009583
0.56540686 0.37340456 0.02282446 0.99989712 -0.01136351 0.00875354 -0.00009687
0.56539899 0.37339064 0.02107562 0.99989712 -0.01136142 0.00875479 -0.00009795
0.56539071 0.37337732 0.01932681 0.99989724 -0.01135796 0.00875622 -0.00009899
