0.55047041 -0.00017165 -0.00018237 1.00000000 -0.00027388 0.00023210 0.00002075
0.55159414 -0.00043853 -0.00022616 0.99999928 -0.00083017 0.00087714 0.00010311
0.55260098 -0.00069353 -0.00011418 0.99999797 -0.00144130 0.00144970 0.00015720
0.55350459 -0.00094331 0.00016010 0.99999589 -0.00200301 0.00203580 0.00021380
0.55433911 -0.00114818 0.00060473 0.99999332 -0.00254250 0.00263804 0.00027169
0.55511564 -0.00131029 0.00124112 0.99999022 -0.00302047 0.00322342 0.00037363
0.55584198 -0.00144982 0.00206679 0.99998683 -0.00346440 0.00375873 0.00047900
0.55652434 -0.00157270 0.00307152 0.99998337 -0.00388116 0.00424403 0.00058397
0.55716503 -0.00168116 0.00424038 0.99997967 -0.00427324 0.00468546 0.00068878
0.55776829 -0.00177617 0.00556305 0.99997604 -0.00464225 0.00508422 0.00079271
0.55833739 -0.00185738 0.00702696 0.99997234 -0.00499052 0.00544375 0.00089633
0.55887550 -0.00192513 0.00862150 0.99996877 -0.00531977 0.00576764 0.00100094
0.55938321 -0.00198405 0.01033716 0.99996525 -0.00563204 0.00605792 0.00110251
0.55986321 -0.00203299 0.01216403 0.99996173 -0.00592905 0.00631768 0.00120274
0.56031692 -0.00207255 0.01409271 0.99995840 -0.00620878 0.00654989 0.00130102
0.56074667 -0.00210357 0.01611609 0.99995530 -0.00647455 0.00675684 0.00139902
0.56115526 -0.00212623 0.01822765 0.99995220 -0.00672835 0.00693804 0.00149529
0.56154132 -0.00214322 0.02041845 0.99994928 -0.00696748 0.00709754 0.00158654
0.56190771 -0.00215386 0.02268338 0.99994653 -0.00719750 0.00723785 0.00167781
0.56225479 -0.00215950 0.02501558 0.99994385 -0.00741518 0.00736004 0.00176567
0.56258321 -0.00216068 0.02740973 0.99994135 -0.00762212 0.00746578 0.00185041
0.56289470 -0.00215794 0.02986107 0.99993902 -0.00781977 0.00755638 0.00193224
0.56318998 -0.00215213 0.03236452 0.99993676 -0.00800842 0.00763339 0.00201118
0.56346893 -0.00214266 0.03491508 0.99993473 -0.00818670 0.00769854 0.00208672
0.56373328 -0.00213050 0.03750955 0.99993271 -0.00835651 0.00775224 0.00215909
0.56398398 -0.00211561 0.04014384 0.99993086 -0.00851864 0.00779676 0.00222986
0.56422055 -0.00209942 0.04281433 0.99992919 -0.00867122 0.00783169 0.00229545
0.56444401 -0.00208136 0.04551779 0.99992752 -0.00881702 0.00785869 0.00235789
0.56465477 -0.00206197 0.04825114 0.99992597 -0.00895476 0.00787991 0.00241790
0.56485391 -0.00204225 0.05101263 0.99992454 -0.00908536 0.00789386 0.00247329
0.56504166 -0.00202210 0.05379898 0.99992317 -0.00920951 0.00790209 0.00252517
0.56521863 -0.00200080 0.05660776 0.99992192 -0.00932622 0.00790578 0.00257417
0.56538546 -0.00197901 0.05943688 0.99992079 -0.00943792 0.00790614 0.00262118
0.56554234 -0.00195739 0.06228471 0.99991977 -0.00954181 0.00790167 0.00266326
0.56568962 -0.00193576 0.06514890 0.99991870 -0.00964087 0.00789499 0.00270281
0.56582862 -0.00191387 0.06802845 0.99991786 -0.00973350 0.00788474 0.00273934
0.56595820 -0.00189266 0.07092115 0.99991691 -0.00982064 0.00787312 0.00277269
0.56608033 -0.00187122 0.07382628 0.99991620 -0.00990182 0.00785911 0.00280340
0.56619430 -0.00185048 0.07674202 0.99991548 -0.00997823 0.00784409 0.00283128
0.56630045 -0.00183104 0.07966724 0.99991482 -0.01005024 0.00782847 0.00285579
0.56640017 -0.00181147 0.08260132 0.99991417 -0.01011723 0.00781173 0.00287818
0.56649292 -0.00179319 0.08554320 0.99991363 -0.01017851 0.00779408 0.00289761
0.56657845 -0.00177551 0.08849073 0.99991310 -0.01023722 0.00777763 0.00291532
0.56665868 -0.00175879 0.09144505 0.99991268 -0.01029003 0.00775975 0.00292989
0.56673259 -0.00174251 0.09440355 0.99991226 -0.01033860 0.00774270 0.00294257
0.56680071 -0.00172758 0.09736633 0.99991190 -0.01038396 0.00772721 0.00295298
0.56686389 -0.00171378 0.10033306 0.99991161 -0.01042503 0.00771111 0.00296072
0.56692213 -0.00170071 0.10330279 0.99991125 -0.01046097 0.00769573 0.00296610
0.56697488 -0.00168908 0.10627455 0.99991101 -0.01049423 0.00768191 0.00296929
0.56702322 -0.00167819 0.10924813 0.99991083 -0.01052380 0.00766915 0.00297125
0.56706727 -0.00166822 0.11222316 0.99991065 -0.01054978 0.00765795 0.00297129
0.56710678 -0.00165957 0.11519885 0.99991047 -0.01057220 0.00764829 0.00296909
0.56714272 -0.00165115 0.11817531 0.99991035 -0.01059133 0.00764042 0.00296672
0.56719029 -0.00167042 0.12118474 0.99991202 -0.01052278 0.00754493 0.00287206
0.56724989 -0.00176505 0.12421365 0.99991584 -0.01034790 0.00736570 0.00266066
0.56730002 -0.00191013 0.12722716 0.99992061 -0.01011837 0.00713259 0.00235727
0.56734598 -0.00209763 0.13023618 0.99992657 -0.00981843 0.00683725 0.00196188
0.56739092 -0.00232202 0.13324542 0.99993330 -0.00944859 0.00647837 0.00148187
0.56743670 -0.00257808 0.13625801 0.99994075 -0.00900751 0.00605398 0.00092239
0.56748539 -0.00285973 0.13927701 0.99994844 -0.00849503 0.00556332 0.00029175
0.56753260 -0.00313741 0.14226538 0.99995553 -0.00797129 0.00502878 -0.00038761
0.56754833 -0.00324854 0.14504343 0.99996048 -0.00755900 0.00458032 -0.00100680
0.56753927 -0.00313739 0.14759444 0.99996376 -0.00723004 0.00424021 -0.00151272
0.56751204 -0.00280855 0.14992993 0.99996579 -0.00698084 0.00400287 -0.00189882
0.56747007 -0.00228096 0.15206346 0.99996704 -0.00680828 0.00386292 -0.00217312
0.56741530 -0.00157291 0.15400790 0.99996752 -0.00671101 0.00381595 -0.00234334
0.56735039 -0.00070165 0.15577713 0.99996734 -0.00668621 0.00385511 -0.00241629
0.56727594 0.00031698 0.15738243 0.99996662 -0.00673378 0.00397724 -0.00239971
0.56719297 0.00147237 0.15883416 0.99996519 -0.00685978 0.00417477 -0.00229686
0.56710529 0.00274957 0.16015184 0.99996322 -0.00703239 0.00443655 -0.00212269
0.56701994 0.00411354 0.16135728 0.99996096 -0.00722116 0.00471968 -0.00192693
0.56693989 0.00555325 0.16246557 0.99995875 -0.00739771 0.00498182 -0.00174641
0.56686401 0.00706313 0.16348344 0.99995655 -0.00756294 0.00522453 -0.00158203
0.56679320 0.00863856 0.16441941 0.99995440 -0.00771707 0.00544757 -0.00143132
0.56672740 0.01027384 0.16527990 0.99995232 -0.00786340 0.00565416 -0.00129214
0.56666702 0.01196561 0.16607170 0.99995029 -0.00799972 0.00584304 -0.00116390
0.56661129 0.01370854 0.16679990 0.99994838 -0.00812912 0.00601709 -0.00104728
0.56656033 0.01549811 0.16747047 0.99994648 -0.00825065 0.00617576 -0.00094066
0.56651431 0.01733258 0.16808796 0.99994469 -0.00836647 0.00632173 -0.00083964
0.56647176 0.01920640 0.16865605 0.99994302 -0.00847518 0.00645471 -0.00075052
0.56643414 0.02111839 0.16918020 0.99994135 -0.00857907 0.00657588 -0.00066690
0.56640077 0.02306576 0.16966334 0.99993992 -0.00867677 0.00668555 -0.00058934
0.56637037 0.02504432 0.17010838 0.99993843 -0.00876963 0.00678521 -0.00051917
0.56634265 0.02705181 0.17051823 0.99993706 -0.00885892 0.00687695 -0.00045393
0.56631947 0.02908831 0.17089707 0.99993581 -0.00894290 0.00695831 -0.00039306
0.56629813 0.03114884 0.17124596 0.99993449 -0.00902283 0.00703210 -0.00033879
0.56628036 0.03323402 0.17156813 0.99993342 -0.00909883 0.00709808 -0.00028803
0.56626451 0.03533964 0.17186540 0.99993235 -0.00917161 0.00715715 -0.00024194
0.56625003 0.03746422 0.17213923 0.99993134 -0.00924081 0.00721037 -0.00020027
0.56623852 0.03960878 0.17239243 0.99993032 -0.00930685 0.00725728 -0.00016143
0.56622863 0.04177077 0.17262612 0.99992949 -0.00936949 0.00729913 -0.00012541
0.56621993 0.04394820 0.17284143 0.99992871 -0.00942874 0.00733620 -0.00009368
0.56621248 0.04613909 0.17304042 0.99992788 -0.00948584 0.00736856 -0.00006524
0.56620651 0.04834415 0.17322400 0.99992716 -0.00954109 0.00739753 -0.00003771
0.56620133 0.05056125 0.17339331 0.99992645 -0.00959206 0.00742173 -0.00001546
0.56619775 0.05279104 0.17354992 0.99992585 -0.00964093 0.00744241 0.00000631
0.56619436 0.05503004 0.17369410 0.99992526 -0.00968879 0.00746131 0.00002625
0.56619215 0.05727988 0.17382739 0.99992472 -0.00973278 0.00747603 0.00004238
0.56619006 0.05953731 0.17394994 0.99992418 -0.00977641 0.00748926 0.00005697
0.56618935 0.06180485 0.17406365 0.99992371 -0.00981712 0.00749874 0.00006998
0.56618762 0.06407723 0.17416771 0.99992323 -0.00985706 0.00750816 0.00008039
0.56618762 0.06635894 0.17426465 0.99992287 -0.00989568 0.00751412 0.00009113
0.56618780 0.06864708 0.17435354 0.99992245 -0.00993097 0.00751823 0.00009825
0.56618726 0.07094096 0.17443454 0.99992204 -0.00996530 0.00752181 0.00010424
0.56618714 0.07323987 0.17450948 0.99992168 -0.00999868 0.00752395 0.00010971
0.56618780 0.07554547 0.17457885 0.99992144 -0.01003087 0.00752473 0.00011489
0.56618869 0.07785584 0.17464247 0.99992108 -0.01006120 0.00752395 0.00011844
0.56618947 0.08016992 0.17470095 0.99992085 -0.01009047 0.00752276 0.00012054
0.56619000 0.08248861 0.17475431 0.99992061 -0.01011813 0.00751972 0.00012115
0.56619030 0.08481012 0.17480303 0.99992031 -0.01014507 0.00751698 0.00012099
0.56619078 0.08713516 0.17484799 0.99992013 -0.01017040 0.00751239 0.00011940
0.56619102 0.08946299 0.17488879 0.99991989 -0.01019537 0.00750780 0.00011637
0.56619114 0.09179415 0.17492609 0.99991965 -0.01021940 0.00750238 0.00011302
0.56619114 0.09412812 0.17495970 0.99991947 -0.01024228 0.00749731 0.00010916
0.56619132 0.09646512 0.17499046 0.99991930 -0.01026410 0.00749159 0.00010480
0.56619167 0.09880470 0.17501864 0.99991918 -0.01028526 0.00748479 0.00009997
0.56619209 0.10114642 0.17504415 0.99991894 -0.01030546 0.00747812 0.00009470
0.56619269 0.10349113 0.17506726 0.99991882 -0.01032442 0.00747055 0.00008954
0.56619328 0.10583829 0.17508814 0.99991870 -0.01034236 0.00746244 0.00008384
0.56619382 0.10818721 0.17510682 0.99991858 -0.01035959 0.00745398 0.00007777
0.56619340 0.11053616 0.17512296 0.99991846 -0.01037723 0.00744575 0.00006962
0.56619275 0.11288656 0.17513686 0.99991834 -0.01039541 0.00743848 0.00006204
0.56619239 0.11523851 0.17514956 0.99991822 -0.01041240 0.00743061 0.00005366
0.56619239 0.11759292 0.17516094 0.99991810 -0.01042652 0.00742143 0.00004526
0.56619203 0.11994881 0.17517029 0.99991798 -0.01044148 0.00741297 0.00003644
0.56619108 0.12230375 0.17517829 0.99991798 -0.01045728 0.00740469 0.00002688
0.56619036 0.12466060 0.17518476 0.99991786 -0.01047170 0.00739682 0.00001728
0.56619018 0.12701946 0.17519063 0.99991775 -0.01048410 0.00738728 0.00000732
0.56618857 0.12937807 0.17519382 0.99991763 -0.01049840 0.00737995 -0.00000283
0.56618774 0.13173777 0.17519711 0.99991763 -0.01051062 0.00737107 -0.00001361
0.56618708 0.13409853 0.17519930 0.99991757 -0.01052344 0.00736213 -0.00002507
0.56618494 0.13645865 0.17519909 0.99991751 -0.01053673 0.00735492 -0.00003651
0.56618381 0.13882120 0.17519875 0.99991739 -0.01054800 0.00734669 -0.00004787
0.56618214 0.14118327 0.17519726 0.99991739 -0.01055980 0.00733906 -0.00005964
0.56618059 0.14354631 0.17519532 0.99991727 -0.01057053 0.00733054 -0.00007189
0.56617928 0.14591023 0.17519259 0.99991727 -0.01058185 0.00732273 -0.00008374
0.56617719 0.14827359 0.17518856 0.99991715 -0.01059377 0.00731570 -0.00009603
0.56617552 0.15063882 0.17518392 0.99991715 -0.01060385 0.00730789 -0.00010837
0.56617326 0.15300234 0.17517841 0.99991703 -0.01061457 0.00730038 -0.00012249
0.56617182 0.15536769 0.17517330 0.99991703 -0.01062471 0.00729233 -0.00013546
0.56616968 0.15773250 0.17516682 0.99991691 -0.01063388 0.00728440 -0.00015009
0.56616771 0.16009910 0.17515954 0.99991691 -0.01064450 0.00727767 -0.00016224
0.56616545 0.16246420 0.17515199 0.99991679 -0.01065397 0.00727010 -0.00017718
0.56616354 0.16483127 0.17514378 0.99991679 -0.01066327 0.00726312 -0.00019098
0.56616151 0.16719736 0.17513517 0.99991679 -0.01067227 0.00725579 -0.00020533
0.56615895 0.16956341 0.17512557 0.99991667 -0.01068193 0.00724918 -0.00022065
0.56615698 0.17193063 0.17511603 0.99991667 -0.01069003 0.00724208 -0.00023548
0.56615472 0.17429769 0.17510571 0.99991655 -0.01069868 0.00723505 -0.00025046
0.56615275 0.17666601 0.17509529 0.99991655 -0.01070720 0.00722843 -0.00026446
0.56615067 0.17903341 0.17508429 0.99991655 -0.01071495 0.00722122 -0.00028020
0.56614834 0.18140070 0.17507267 0.99991643 -0.01072335 0.00721484 -0.00029618
0.56614625 0.18376888 0.17506057 0.99991643 -0.01073194 0.00720876 -0.00031114
0.56614369 0.18613648 0.17504774 0.99991637 -0.01073939 0.00720292 -0.00032776
0.56614131 0.18850404 0.17503461 0.99991632 -0.01074755 0.00719678 -0.00034471
0.56613898 0.19087228 0.17502128 0.99991620 -0.01075607 0.00719112 -0.00036016
0.56613654 0.19324030 0.17500736 0.99991620 -0.01076359 0.00718570 -0.00037697
0.56613415 0.19560778 0.17499299 0.99991620 -0.01077133 0.00717962 -0.00039488
0.56613207 0.19797544 0.17497867 0.99991620 -0.01077849 0.00717390 -0.00041215
0.56612968 0.20034382 0.17496397 0.99991608 -0.01078540 0.00716811 -0.00042991
0.56612754 0.20271203 0.17494866 0.99991608 -0.01079226 0.00716281 -0.00044785
0.56612539 0.20507959 0.17493294 0.99991602 -0.01079971 0.00715721 -0.00046628
0.56612301 0.20744811 0.17491695 0.99991596 -0.01080704 0.00715214 -0.00048360
0.56612098 0.20981549 0.17490071 0.99991590 -0.01081383 0.00714713 -0.00050290
0.56611836 0.21218370 0.17488353 0.99991584 -0.01082057 0.00714236 -0.00052188
0.56611663 0.21455094 0.17486677 0.99991584 -0.01082730 0.00713712 -0.00054149
0.56612092 0.21691905 0.17482996 0.99991608 -0.01081264 0.00711226 -0.00052900
0.56613028 0.21920899 0.17463617 0.99991721 -0.01075363 0.00705475 -0.00043585
0.56612521 0.22135100 0.17423497 0.99991822 -0.01069307 0.00701183 -0.00031975
0.56610674 0.22333874 0.17363426 0.99991906 -0.01063794 0.00698739 -0.00019711
0.56607848 0.22517934 0.17284852 0.99991965 -0.01059026 0.00697881 -0.00007390
0.56604302 0.22688222 0.17189175 0.99992001 -0.01054776 0.00698286 0.00004720
0.56600332 0.22845718 0.17077795 0.99992025 -0.01051271 0.00699729 0.00016484
0.56596088 0.22991332 0.16951926 0.99992043 -0.01048112 0.00701934 0.00027801
0.56591707 0.23125948 0.16812730 0.99992049 -0.01045585 0.00704771 0.00038549
0.56587362 0.23250268 0.16661268 0.99992037 -0.01043558 0.00708050 0.00048742
0.56583035 0.23365180 0.16498484 0.99992025 -0.01041996 0.00711703 0.00058461
0.56578869 0.23471335 0.16325298 0.99992007 -0.01040846 0.00715500 0.00067452
0.56574869 0.23569381 0.16142522 0.99991971 -0.01040143 0.00719589 0.00075901
0.56571138 0.23660049 0.15951039 0.99991947 -0.01039636 0.00723618 0.00083945
0.56567591 0.23743729 0.15751377 0.99991906 -0.01039577 0.00727767 0.00091363
0.56564301 0.23821108 0.15544318 0.99991870 -0.01039773 0.00731802 0.00098377
0.56561249 0.23892401 0.15330394 0.99991834 -0.01040280 0.00735801 0.00104797
0.56558412 0.23958248 0.15110143 0.99991786 -0.01040953 0.00739688 0.00110712
0.56555891 0.24019201 0.14884177 0.99991751 -0.01041782 0.00743401 0.00116399
0.56553549 0.24075392 0.14652839 0.99991703 -0.01042753 0.00747055 0.00121609
0.56551439 0.24127303 0.14416629 0.99991655 -0.01043910 0.00750512 0.00126505
0.56549537 0.24175271 0.14175922 0.99991614 -0.01045239 0.00753886 0.00131145
0.56547827 0.24219503 0.13931079 0.99991566 -0.01046723 0.00757092 0.00135388
0.56546307 0.24260364 0.13682452 0.99991518 -0.01048219 0.00760096 0.00139427
0.56544900 0.24297927 0.13430281 0.99991482 -0.01049811 0.00763005 0.00143076
0.56543726 0.24332651 0.13174956 0.99991435 -0.01051378 0.00765663 0.00146525
0.56542677 0.24364577 0.12916641 0.99991393 -0.01053238 0.00768214 0.00149768
0.56541741 0.24394017 0.12655611 0.99991351 -0.01055008 0.00770587 0.00152819
0.56540936 0.24421076 0.12392078 0.99991310 -0.01056832 0.00772840 0.00155606
0.56540251 0.24446090 0.12126273 0.99991274 -0.01058501 0.00774950 0.00158295
0.56539613 0.24468961 0.11858267 0.99991238 -0.01060283 0.00776929 0.00160670
0.56539077 0.24490130 0.11588340 0.99991190 -0.01062071 0.00778836 0.00163049
0.56538671 0.24509586 0.11316655 0.99991167 -0.01063895 0.00780559 0.00165293
0.56538290 0.24527444 0.11043309 0.99991119 -0.01065743 0.00782239 0.00167412
0.56537968 0.24543831 0.10768428 0.99991089 -0.01067591 0.00783843 0.00169476
0.56537700 0.24558836 0.10492122 0.99991059 -0.01069254 0.00785273 0.00171286
0.56537461 0.24572569 0.10214522 0.99991024 -0.01071030 0.00786740 0.00173098
0.56537277 0.24585104 0.09935752 0.99990988 -0.01072878 0.00787985 0.00174780
0.56537116 0.24596435 0.09655888 0.99990964 -0.01074612 0.00789279 0.00176304
0.56537002 0.24606884 0.09375003 0.99990928 -0.01076412 0.00790453 0.00177870
0.56536889 0.24616383 0.09093188 0.99990904 -0.01077986 0.00791556 0.00179322
0.56536806 0.24625042 0.08810525 0.99990869 -0.01079655 0.00792611 0.00180736
0.56536704 0.24632800 0.08527011 0.99990845 -0.01081312 0.00793737 0.00182083
0.56536609 0.24639966 0.08242765 0.99990809 -0.01082677 0.00794744 0.00183345
0.56536514 0.24646322 0.07957836 0.99990791 -0.01084161 0.00795740 0.00184485
0.56536442 0.24652092 0.07672298 0.99990761 -0.01085556 0.00796723 0.00185691
0.56536382 0.24657214 0.07386217 0.99990737 -0.01087153 0.00797629 0.00186853
0.56536347 0.24661762 0.07099633 0.99990714 -0.01088387 0.00798452 0.00187907
0.56536347 0.24665920 0.06812558 0.99990690 -0.01089621 0.00799191 0.00188988
0.56536317 0.24669510 0.06524997 0.99990666 -0.01091015 0.00799972 0.00190116
0.56536245 0.24672715 0.06236967 0.99990654 -0.01092213 0.00800747 0.00191113
0.56536144 0.24675462 0.05948541 0.99990630 -0.01093447 0.00801665 0.00192136
0.56536055 0.24677922 0.05659761 0.99990606 -0.01094544 0.00802422 0.00193095
0.56535947 0.24679978 0.05370671 0.99990588 -0.01095599 0.00803143 0.00194082
0.56535846 0.24681725 0.05081299 0.99990571 -0.01096594 0.00803864 0.00195018
0.56535667 0.24683058 0.04791499 0.99990547 -0.01097554 0.00804752 0.00195882
0.56535542 0.24684161 0.04501517 0.99990535 -0.01098597 0.00805539 0.00196735
0.56535441 0.24685036 0.04211327 0.99990511 -0.01099390 0.00806242 0.00197623
0.56535262 0.24685591 0.03920831 0.99990499 -0.01100272 0.00806981 0.00198411
0.56535095 0.24685918 0.03630170 0.99990481 -0.01101053 0.00807816 0.00199187
