0.55114305 -0.00010341 0.00017196 0.99997377 -0.00347930 0.00074965 0.00631814
0.55226511 -0.00044801 0.00016325 0.99997020 -0.00410479 0.00129080 0.00641365
0.55327004 -0.00080474 0.00033130 0.99996603 -0.00480056 0.00179356 0.00645525
0.55418068 -0.00114847 0.00066721 0.99996144 -0.00548416 0.00231165 0.00645973
0.55501592 -0.00145627 0.00119620 0.99995625 -0.00607753 0.00284523 0.00651508
0.55579376 -0.00173609 0.00192101 0.99995089 -0.00662881 0.00333327 0.00657108
0.55652070 -0.00198923 0.00282930 0.99994540 -0.00714403 0.00377971 0.00663158
0.55720216 -0.00221815 0.00390856 0.99993980 -0.00762558 0.00418508 0.00669447
0.55784315 -0.00242386 0.00514754 0.99993420 -0.00807709 0.00455135 0.00676043
0.55844593 -0.00260795 0.00653351 0.99992865 -0.00850183 0.00488299 0.00683010
0.55901366 -0.00277228 0.00805505 0.99992317 -0.00890028 0.00518101 0.00690019
0.55954951 -0.00291749 0.00970233 0.99991786 -0.00927556 0.00544882 0.00697330
0.56005585 -0.00304631 0.01146670 0.99991274 -0.00962973 0.00568622 0.00704531
0.56053489 -0.00315792 0.01333762 0.99990761 -0.00996399 0.00589854 0.00712120
0.56098771 -0.00325589 0.01530754 0.99990273 -0.01028109 0.00608671 0.00719683
0.56141669 -0.00334076 0.01736888 0.99989808 -0.01057851 0.00625199 0.00727240
0.56182247 -0.00341411 0.01951384 0.99989361 -0.01086086 0.00639731 0.00734720
0.56220669 -0.00347660 0.02173590 0.99988925 -0.01112860 0.00652379 0.00742131
0.56257099 -0.00352834 0.02402833 0.99988520 -0.01138049 0.00663370 0.00749540
0.56291604 -0.00357209 0.02638655 0.99988127 -0.01162052 0.00672752 0.00756706
0.56324238 -0.00360700 0.02880310 0.99987745 -0.01184732 0.00680858 0.00763841
0.56355143 -0.00363540 0.03127507 0.99987400 -0.01206231 0.00687671 0.00770792
0.56384367 -0.00365750 0.03379663 0.99987048 -0.01226604 0.00693363 0.00777533
0.56412113 -0.00367456 0.03636504 0.99986738 -0.01245850 0.00697941 0.00784006
0.56438273 -0.00368686 0.03897462 0.99986428 -0.01264226 0.00701648 0.00790226
0.56462997 -0.00369520 0.04162213 0.99986142 -0.01281548 0.00704604 0.00796227
0.56486374 -0.00369919 0.04430469 0.99985862 -0.01297915 0.00706762 0.00801952
0.56508482 -0.00369950 0.04701908 0.99985605 -0.01313359 0.00708228 0.00807426
0.56529367 -0.00369682 0.04976261 0.99985367 -0.01328075 0.00709158 0.00812722
0.56549054 -0.00369284 0.05253281 0.99985135 -0.01341897 0.00709540 0.00817635
0.56567639 -0.00368674 0.05532715 0.99984932 -0.01354945 0.00709444 0.00822204
0.56585115 -0.00367847 0.05814284 0.99984723 -0.01367408 0.00709063 0.00826688
0.56601590 -0.00366793 0.06097792 0.99984533 -0.01378965 0.00708288 0.00830803
0.56617033 -0.00365714 0.06383029 0.99984360 -0.01390022 0.00707322 0.00834648
0.56631547 -0.00364503 0.06669904 0.99984193 -0.01400274 0.00706082 0.00838195
0.56645203 -0.00363198 0.06958203 0.99984038 -0.01409930 0.00704640 0.00841528
0.56657964 -0.00361929 0.07247797 0.99983901 -0.01419055 0.00703090 0.00844546
0.56669933 -0.00360600 0.07538591 0.99983764 -0.01427531 0.00701368 0.00847269
0.56681192 -0.00359185 0.07830424 0.99983639 -0.01435483 0.00699562 0.00849865
0.56691706 -0.00357723 0.08123176 0.99983531 -0.01442808 0.00697619 0.00852142
0.56701458 -0.00356333 0.08416681 0.99983430 -0.01449829 0.00695795 0.00854271
0.56710500 -0.00355095 0.08710960 0.99983323 -0.01456362 0.00693959 0.00856028
0.56718993 -0.00353742 0.09005884 0.99983239 -0.01462221 0.00692004 0.00857581
0.56726813 -0.00352471 0.09301297 0.99983162 -0.01467621 0.00690156 0.00858902
0.56734055 -0.00351180 0.09597193 0.99983090 -0.01472604 0.00688392 0.00860068
0.56740791 -0.00349983 0.09893530 0.99983025 -0.01477158 0.00686640 0.00861026
0.56746930 -0.00348896 0.10190167 0.99982977 -0.01481378 0.00685090 0.00861764
0.56752652 -0.00347856 0.10487169 0.99982917 -0.01485109 0.00683469 0.00862237
0.56757838 -0.00346942 0.10784313 0.99982870 -0.01488632 0.00682110 0.00862564
0.56762576 -0.00346021 0.11081629 0.99982840 -0.01491648 0.00680882 0.00862762
0.56766880 -0.00345231 0.11379099 0.99982804 -0.01494354 0.00679773 0.00862771
0.56770796 -0.00344456 0.11676673 0.99982780 -0.01496565 0.00678736 0.00862610
0.56774336 -0.00343826 0.11974356 0.99982756 -0.01498610 0.00677890 0.00862346
0.56777942 -0.00343848 0.12273058 0.99982822 -0.01497984 0.00674075 0.00858963
0.56783581 -0.00350137 0.12576109 0.99983287 -0.01483196 0.00658864 0.00842452
0.56788719 -0.00362631 0.12878251 0.99983943 -0.01462662 0.00637311 0.00816051
0.56793261 -0.00379675 0.13179830 0.99984813 -0.01435018 0.00609326 0.00780094
0.56797731 -0.00400565 0.13481566 0.99985850 -0.01399976 0.00574321 0.00735224
0.56802332 -0.00424677 0.13783678 0.99987042 -0.01357591 0.00532383 0.00682229
0.56807089 -0.00451658 0.14086431 0.99988353 -0.01307803 0.00483483 0.00621550
0.56811547 -0.00478275 0.14385951 0.99989647 -0.01255935 0.00430065 0.00555702
0.56812829 -0.00486618 0.14664020 0.99990749 -0.01206320 0.00385517 0.00496057
0.56811798 -0.00469178 0.14919379 0.99991846 -0.01143414 0.00350678 0.00447405
0.56809264 -0.00425108 0.15153514 0.99993062 -0.01055986 0.00324482 0.00410084
0.56805646 -0.00354996 0.15367965 0.99994433 -0.00934809 0.00305849 0.00383201
0.56801271 -0.00259730 0.15564208 0.99995917 -0.00773185 0.00293881 0.00366058
0.56796235 -0.00140745 0.15743521 0.99997342 -0.00566632 0.00287944 0.00357474
0.56790698 0.00000590 0.15907146 0.99998456 -0.00313646 0.00287646 0.00357010
0.56784707 0.00162544 0.16056173 0.99998915 -0.00015038 0.00292647 0.00363826
0.56778109 0.00343530 0.16191392 0.99998307 0.00324500 0.00302857 0.00377829
0.56771272 0.00541198 0.16314793 0.99996245 0.00701976 0.00317329 0.00397425
0.56764460 0.00751071 0.16427794 0.99992406 0.01109612 0.00334662 0.00419934
0.56758076 0.00970257 0.16532189 0.99986553 0.01540542 0.00349802 0.00440562
0.56752020 0.01196150 0.16628681 0.99978644 0.01982075 0.00363117 0.00459168
0.56746262 0.01426070 0.16717842 0.99968886 0.02419913 0.00375134 0.00475688
0.56740832 0.01657267 0.16800198 0.99957764 0.02838671 0.00386173 0.00489972
0.56735808 0.01883368 0.16876638 0.99946606 0.03204250 0.00396752 0.00500982
0.56731111 0.02099092 0.16946906 0.99937212 0.03482520 0.00407845 0.00508778
0.56726450 0.02304423 0.17010538 0.99930519 0.03667599 0.00420541 0.00514697
0.56721842 0.02499087 0.17067868 0.99927104 0.03757155 0.00434953 0.00518873
0.56717312 0.02683044 0.17119285 0.99927276 0.03750277 0.00451130 0.00521737
0.56712967 0.02856467 0.17165314 0.99930984 0.03647786 0.00468928 0.00523403
0.56708789 0.03019620 0.17206502 0.99937844 0.03451705 0.00488406 0.00524318
0.56704801 0.03172985 0.17243439 0.99947202 0.03166032 0.00509304 0.00524469
0.56701046 0.03317420 0.17276737 0.99958122 0.02795970 0.00531548 0.00524381
0.56697446 0.03453631 0.17306967 0.99969512 0.02348197 0.00554973 0.00524018
0.56694174 0.03582944 0.17334887 0.99980193 0.01830858 0.00579149 0.00523710
0.56691146 0.03706543 0.17361030 0.99988961 0.01253176 0.00603747 0.00523550
0.56688321 0.03825672 0.17385930 0.99994701 0.00625139 0.00628525 0.00523601
0.56685841 0.03942039 0.17410170 0.99996495 -0.00042009 0.00652975 0.00524181
0.56683654 0.04057204 0.17434028 0.99993622 -0.00736445 0.00676674 0.00525067
0.56681675 0.04172610 0.17457789 0.99985719 -0.01446050 0.00699401 0.00526400
0.56680161 0.04290278 0.17481716 0.99972713 -0.02158326 0.00720584 0.00528360
0.56678957 0.04411642 0.17505741 0.99954921 -0.02860898 0.00739926 0.00530683
0.56677985 0.04538260 0.17529736 0.99932986 -0.03541404 0.00757092 0.00533293
0.56677341 0.04671666 0.17553572 0.99907839 -0.04188204 0.00771904 0.00536214
0.56677026 0.04813414 0.17576961 0.99880689 -0.04789835 0.00784022 0.00539457
0.56676948 0.04964788 0.17599447 0.99852902 -0.05336189 0.00793546 0.00543057
0.56676990 0.05126766 0.17620555 0.99825925 -0.05817658 0.00800294 0.00546638
0.56677246 0.05300550 0.17639948 0.99801248 -0.06225979 0.00804263 0.00550476
0.56677568 0.05486947 0.17657070 0.99780202 -0.06554043 0.00805628 0.00554529
0.56677908 0.05686415 0.17671649 0.99763978 -0.06796312 0.00804383 0.00558588
0.56678265 0.05899626 0.17683280 0.99753487 -0.06948680 0.00800937 0.00563184
0.56678522 0.06126607 0.17691749 0.99749339 -0.07008243 0.00795370 0.00567890
0.56678683 0.06367590 0.17696947 0.99751759 -0.06974077 0.00787956 0.00573077
0.56678790 0.06622364 0.17698956 0.99760634 -0.06846553 0.00778908 0.00578682
0.56678671 0.06890380 0.17697799 0.99775422 -0.06628078 0.00768805 0.00584893
0.56678355 0.07171092 0.17693773 0.99795330 -0.06322044 0.00757700 0.00591470
0.56677878 0.07463831 0.17687228 0.99819225 -0.05933655 0.00745863 0.00598523
0.56677234 0.07767498 0.17678636 0.99845779 -0.05469579 0.00733733 0.00606119
0.56676370 0.08080812 0.17668493 0.99873531 -0.04937750 0.00721490 0.00613997
0.56675291 0.08402435 0.17657349 0.99901032 -0.04346842 0.00709254 0.00621897
0.56674111 0.08730923 0.17645860 0.99926841 -0.03707206 0.00697237 0.00629888
0.56672752 0.09064420 0.17634539 0.99949712 -0.03029758 0.00685555 0.00637512
0.56671381 0.09401338 0.17623983 0.99968588 -0.02326113 0.00674295 0.00644698
0.56670046 0.09740010 0.17614610 0.99982744 -0.01608181 0.00663501 0.00651401
0.56668699 0.10078301 0.17606810 0.99991763 -0.00888467 0.00653255 0.00657108
0.56667417 0.10414527 0.17600763 0.99995577 -0.00179183 0.00643617 0.00661698
0.56666332 0.10747001 0.17596781 0.99994493 0.00507414 0.00634527 0.00665171
0.56665409 0.11073721 0.17594777 0.99989092 0.01159585 0.00626063 0.00667102
0.56664789 0.11393393 0.17594764 0.99980265 0.01766157 0.00618213 0.00667711
0.56664461 0.11704319 0.17596596 0.99969077 0.02316713 0.00611049 0.00666873
0.56664485 0.12005199 0.17599984 0.99956703 0.02802026 0.00604516 0.00664245
0.56664717 0.12294914 0.17604521 0.99944377 0.03213536 0.00598919 0.00660070
0.56665289 0.12572569 0.17610066 0.99933267 0.03544211 0.00594336 0.00654747
0.56666279 0.12837587 0.17616282 0.99924350 0.03788853 0.00590628 0.00648043
0.56667507 0.13089246 0.17622796 0.99918461 0.03942859 0.00588197 0.00640290
0.56668997 0.13327514 0.17629355 0.99916089 0.04004073 0.00587022 0.00631619
0.56670755 0.13552245 0.17635787 0.99917454 0.03971356 0.00587219 0.00622252
0.56672716 0.13763717 0.17641991 0.99922436 0.03845191 0.00588751 0.00612366
0.56674844 0.13962334 0.17647964 0.99930608 0.03627670 0.00591868 0.00602409
0.56677115 0.14148717 0.17653731 0.99941254 0.03322470 0.00596315 0.00592306
0.56679457 0.14323691 0.17659396 0.99953413 0.02934969 0.00602216 0.00582476
0.56681830 0.14488342 0.17665130 0.99965954 0.02471554 0.00609344 0.00572866
0.56684262 0.14644022 0.17671205 0.99977678 0.01940155 0.00617582 0.00563985
0.56686622 0.14791873 0.17677762 0.99987382 0.01350027 0.00626689 0.00555544
0.56688964 0.14933665 0.17685078 0.99993944 0.00711000 0.00636488 0.00548031
0.56691235 0.15070890 0.17693274 0.99996448 0.00034225 0.00646621 0.00541266
0.56693375 0.15205266 0.17702451 0.99994171 -0.00668788 0.00656819 0.00535285
0.56695426 0.15338542 0.17712617 0.99986768 -0.01385939 0.00666851 0.00530154
0.56697214 0.15472364 0.17723653 0.99974173 -0.02104807 0.00676447 0.00525560
0.56698859 0.15608732 0.17735493 0.99956715 -0.02813005 0.00685221 0.00521748
0.56700212 0.15749034 0.17747693 0.99935031 -0.03498673 0.00693190 0.00518443
0.56701297 0.15895002 0.17760010 0.99910069 -0.04150051 0.00699955 0.00515610
0.56702113 0.16048290 0.17771986 0.99883038 -0.04755879 0.00705421 0.00513289
0.56702554 0.16210066 0.17783079 0.99855304 -0.05306029 0.00709587 0.00511404
0.56702638 0.16381676 0.17792825 0.99828333 -0.05791134 0.00712246 0.00509916
0.56702328 0.16564159 0.17800689 0.99803591 -0.06202870 0.00713521 0.00508953
0.56701618 0.16758400 0.17806190 0.99782437 -0.06534463 0.00713450 0.00508584
0.56700450 0.16965818 0.17808644 0.99766308 -0.06776316 0.00711983 0.00509009
0.56698507 0.17190889 0.17806332 0.99757743 -0.06901377 0.00709099 0.00511415
0.56696022 0.17432675 0.17799866 0.99757123 -0.06910449 0.00705189 0.00514966
0.56693280 0.17688954 0.17789993 0.99763668 -0.06815511 0.00700444 0.00519315
0.56690353 0.17957398 0.17777337 0.99776101 -0.06631207 0.00695324 0.00524235
0.56687373 0.18235782 0.17762686 0.99792963 -0.06372542 0.00689799 0.00529277
0.56684452 0.18521720 0.17746863 0.99812663 -0.06056237 0.00684273 0.00534477
0.56681621 0.18812732 0.17730546 0.99833721 -0.05698955 0.00678891 0.00539437
0.56679076 0.19106524 0.17714655 0.99854773 -0.05317497 0.00673491 0.00543857
0.56676757 0.19400527 0.17699665 0.99874771 -0.04927928 0.00668389 0.00547290
0.56674731 0.19692853 0.17686203 0.99892926 -0.04545432 0.00663513 0.00549789
0.56673127 0.19981413 0.17674693 0.99908751 -0.04183906 0.00658828 0.00550975
0.56671959 0.20264623 0.17665242 0.99922001 -0.03855145 0.00654393 0.00550796
0.56671220 0.20540883 0.17657977 0.99932647 -0.03569627 0.00650293 0.00549118
0.56670886 0.20809388 0.17652921 0.99940795 -0.03334982 0.00646544 0.00546291
0.56671005 0.21069409 0.17649971 0.99946630 -0.03156507 0.00643194 0.00542222
0.56672055 0.21322267 0.17646378 0.99950725 -0.03025437 0.00637978 0.00540793
0.56673121 0.21566215 0.17626053 0.99954355 -0.02903253 0.00630343 0.00548519
0.56672668 0.21794043 0.17584801 0.99957556 -0.02790064 0.00624675 0.00558570
0.56670922 0.22005144 0.17523667 0.99960375 -0.02685875 0.00621176 0.00569285
0.56668276 0.22200383 0.17444225 0.99962854 -0.02589893 0.00619405 0.00580038
0.56665009 0.22380757 0.17347851 0.99965048 -0.02501524 0.00619060 0.00590540
0.56661332 0.22547537 0.17235918 0.99966979 -0.02420384 0.00619847 0.00600820
0.56657404 0.22701694 0.17109646 0.99968696 -0.02345628 0.00621492 0.00610665
0.56653368 0.22844118 0.16970116 0.99970210 -0.02277088 0.00623852 0.00620121
0.56649351 0.22975853 0.16818458 0.99971551 -0.02214068 0.00626677 0.00629173
0.56645423 0.23097691 0.16655597 0.99972737 -0.02156109 0.00629824 0.00637856
0.56641585 0.23210290 0.16482413 0.99973798 -0.02103031 0.00633246 0.00646046
0.56637907 0.23314287 0.16299707 0.99974740 -0.02054304 0.00636870 0.00653685
0.56634367 0.23410456 0.16108209 0.99975568 -0.02009541 0.00640708 0.00660826
0.56631106 0.23499349 0.15908723 0.99976319 -0.01968628 0.00644487 0.00667706
0.56628072 0.23581442 0.15701841 0.99976987 -0.01930994 0.00648206 0.00673953
0.56625265 0.23657316 0.15488161 0.99977583 -0.01896584 0.00651902 0.00679856
0.56622660 0.23727416 0.15268169 0.99978113 -0.01865059 0.00655514 0.00685398
0.56620258 0.23792295 0.15042442 0.99978584 -0.01836097 0.00659031 0.00690595
0.56618077 0.23852156 0.14811379 0.99979013 -0.01809657 0.00662464 0.00695369
0.56616116 0.23907439 0.14575481 0.99979395 -0.01785457 0.00665647 0.00699876
0.56614339 0.23958588 0.14335091 0.99979734 -0.01763350 0.00668687 0.00704138
0.56612736 0.24005790 0.14090556 0.99980044 -0.01743198 0.00671667 0.00708128
0.56611270 0.24049297 0.13842165 0.99980325 -0.01724738 0.00674468 0.00711681
0.56610042 0.24089585 0.13590381 0.99980569 -0.01707965 0.00677067 0.00715279
0.56608945 0.24126703 0.13335340 0.99980783 -0.01692593 0.00679511 0.00718507
0.56608009 0.24160905 0.13077398 0.99980986 -0.01678699 0.00681782 0.00721496
0.56607163 0.24192542 0.12816703 0.99981159 -0.01665908 0.00683922 0.00724356
0.56606418 0.24221617 0.12553476 0.99981320 -0.01654363 0.00685936 0.00727015
0.56605762 0.24248374 0.12287904 0.99981463 -0.01643997 0.00687885 0.00729582
0.56605148 0.24273127 0.12020184 0.99981582 -0.01634449 0.00689799 0.00732043
0.56604695 0.24295953 0.11750570 0.99981695 -0.01625771 0.00691456 0.00734353
0.56604290 0.24316868 0.11479111 0.99981797 -0.01617861 0.00693065 0.00736432
0.56603956 0.24336042 0.11206008 0.99981892 -0.01610643 0.00694537 0.00738360
0.56603652 0.24353682 0.10931366 0.99981970 -0.01604235 0.00695974 0.00740244
0.56603432 0.24369898 0.10655352 0.99982041 -0.01598334 0.00697261 0.00742017
0.56603271 0.24384828 0.10378081 0.99982107 -0.01592982 0.00698423 0.00743763
0.56603140 0.24398471 0.10099587 0.99982166 -0.01588160 0.00699538 0.00745412
0.56602979 0.24410853 0.09819905 0.99982214 -0.01583952 0.00700700 0.00746949
0.56602877 0.24422266 0.09539221 0.99982250 -0.01580006 0.00701743 0.00748404
0.56602818 0.24432689 0.09257642 0.99982297 -0.01576465 0.00702709 0.00749862
0.56602776 0.24442108 0.08975177 0.99982321 -0.01573360 0.00703669 0.00751265
0.56602746 0.24450782 0.08691913 0.99982357 -0.01570553 0.00704503 0.00752573
0.56602710 0.24458574 0.08407900 0.99982381 -0.01568037 0.00705373 0.00753828
0.56602705 0.24465637 0.08123235 0.99982393 -0.01565766 0.00706196 0.00755058
0.56602710 0.24472085 0.07837898 0.99982417 -0.01563799 0.00706977 0.00756273
0.56602675 0.24477898 0.07551964 0.99982429 -0.01561981 0.00707722 0.00757446
0.56602675 0.24483085 0.07265510 0.99982440 -0.01560354 0.00708455 0.00758575
0.56602687 0.24487716 0.06978559 0.99982452 -0.01558959 0.00709140 0.00759671
0.56602675 0.24491823 0.06691124 0.99982452 -0.01557791 0.00709826 0.00760747
0.56602621 0.24495448 0.06403238 0.99982464 -0.01556659 0.00710601 0.00761743
0.56602597 0.24498603 0.06114960 0.99982464 -0.01555657 0.00711334 0.00762634
0.56602591 0.24501301 0.05826372 0.99982464 -0.01554775 0.00712049 0.00763530
0.56602550 0.24503674 0.05537414 0.99982464 -0.01554060 0.00712699 0.00764420
0.56602538 0.24505721 0.05248204 0.99982464 -0.01553321 0.00713265 0.00765328
0.56602484 0.24507454 0.04958632 0.99982464 -0.01552796 0.00713921 0.00766239
0.56602383 0.24508794 0.04668767 0.99982452 -0.01552349 0.00714719 0.00767061
0.56602299 0.24509868 0.04378654 0.99982452 -0.01551878 0.00715435 0.00767871
0.56602180 0.24510624 0.04088286 0.99982446 -0.01551521 0.00716084 0.00768579
0.56602091 0.24511231 0.03797779 0.99982440 -0.01551187 0.00716722 0.00769398
